0,0,0,0.161047,0.78274,0.978094,0.205392,0.871114,0.493341,0.661071,0.558279,0.0894993,0.607667,0.921116,0.78792,0.446238,0.89662,0.647747,0.473089,0.229573,0.293387,0.579823,0.181827
0,0,1,0.296975,0.685934,0.462224,0.784881,0.656915,0.409556,0.620836,0.154872,0.13107,0.0555305,0.727114,0.535848,0.778313,0.305383,0.350496,0.917183,0.949489,0.316454,0.0208241,0.776146
0,0,2,0.893909,-0.00255436,0.531575,0.329322,0.675477,0.16754,0.491108,0.688017,0.877219,0.00984462,0.615421,0.650177,0.351369,0.853443,0.073979,0.642511,0.296012,0.0206673,0.492008,0.769026
0,1,0,0.137109,0.786798,0.958233,0.279189,0.873258,0.465223,0.620369,0.522447,0.066891,0.531964,0.934084,0.813891,0.476763,0.928597,0.668632,0.464425,0.230289,0.311798,0.609551,0.19239
0,1,1,0.259453,0.701098,0.438551,0.761325,0.640329,0.435673,0.620269,0.14796,0.165413,0.0800773,0.758606,0.538347,0.767199,0.324052,0.383085,0.940642,0.957246,0.339609,0.0153081,0.771821
0,1,2,0.904944,0.00152534,0.505761,0.293943,0.669409,0.203937,0.495063,0.597744,0.88095,0.0644206,0.604129,0.661856,0.343024,0.839185,0.0471863,0.658388,0.281829,0.04419,0.410833,0.742858
0,2,0,0.171236,0.819772,0.998477,0.252887,0.844628,0.503268,0.646296,0.557921,0.0661597,0.559074,0.941124,0.811733,0.461374,0.882285,0.710111,0.442952,0.236265,0.309514,0.619756,0.196728
0,2,1,0.285953,0.663059,0.440491,0.843747,0.621365,0.40361,0.61836,0.153972,0.16361,0.0321115,0.767767,0.535571,0.769099,0.291653,0.342269,0.903996,0.979597,0.294807,0.0345778,0.743133
0,2,2,0.894493,0.0324747,0.505707,0.319199,0.686138,0.188896,0.4655,0.63432,0.898697,0.056582,0.643495,0.615775,0.349786,0.872539,0.0549462,0.659026,0.311002,-0.0111851,0.450758,0.753919
0,3,0,0.164411,0.784064,0.992203,0.211457,0.880009,0.472526,0.648639,0.55015,0.0862488,0.583039,0.936021,0.781077,0.438995,0.911995,0.638662,0.442105,0.219461,0.30648,0.591297,0.193766
0,3,1,0.290096,0.675548,0.423022,0.753856,0.642797,0.441179,0.634859,0.160209,0.170283,0.094415,0.719512,0.539413,0.779568,0.320547,0.378089,0.945684,0.965745,0.289866,-0.0172153,0.770794
0,3,2,0.911477,0.0168565,0.504579,0.358244,0.703716,0.202792,0.436713,0.67604,0.865936,0.0842951,0.586413,0.65461,0.348989,0.890523,0.044491,0.690436,0.271479,0.00600851,0.407959,0.722356
0,4,0,0.171612,0.803489,0.97854,0.252548,0.85455,0.46633,0.626166,0.563692,0.0588327,0.605389,0.947919,0.768283,0.475544,0.955643,0.67303,0.418677,0.232515,0.318006,0.579001,0.202741
0,4,1,0.296167,0.665505,0.453161,0.789173,0.628617,0.424282,0.630185,0.155807,0.161545,0.0597767,0.756087,0.537313,0.757742,0.330524,0.371221,0.904254,0.958721,0.298979,0.026315,0.769085
0,4,2,0.946134,0.0335471,0.49679,0.329511,0.678932,0.20255,0.474155,0.629256,0.862913,0.066904,0.573264,0.657416,0.372731,0.902024,0.0637767,0.659786,0.29807,-0.0194616,0.456653,0.750885
0,5,0,0.480659,0.656748,0.352673,0.312409,0.360777,0.871064,0.0438147,0.110459,0.644462,0.413695,0.942872,0.254924,0.0850168,0.592963,0.0321561,0.318308,0.529635,0.764157,0.0516142,0.683041
0,5,1,0.772044,0.72893,0.321009,0.681125,0.749475,0.786453,0.0237844,0.377008,0.880927,0.899222,0.0658486,0.496652,0.52579,0.56671,0.501579,0.522476,0.538276,0.131684,0.93181,0.154883
0,5,2,0.216769,0.521872,0.782912,0.196156,0.101595,0.591731,0.107421,0.717778,0.988662,0.515312,0.681297,0.599749,0.0837617,0.507785,0.0702944,0.115217,0.757043,0.860257,0.294753,0.45916
0,6,0,0.482089,0.660954,0.327423,0.261498,0.344535,0.861516,0.067988,0.115049,0.623595,0.399731,0.927455,0.251175,0.084283,0.602374,0.0239446,0.289333,0.548337,0.825242,0.0142106,0.70998
0,6,1,,,,,,,,,,,,,,,,,,,,
0,6,2,0.287039,0.577891,0.7872,0.22535,0.145938,0.592863,0.10176,0.689882,1.01318,0.457631,0.727045,0.651099,0.0958676,0.488471,0.0739088,0.111692,0.709189,0.841232,0.292139,0.429506
0,0,0,0.179489,0.796008,0.946964,0.225455,0.877816,0.470645,0.648111,0.542191,0.0730081,0.610216,0.938917,0.804576,0.414622,0.916698,0.64917,0.46982,0.246054,0.334341,0.619213,0.18299
0,0,1,0.261005,0.662312,0.412367,0.762323,0.677287,0.396305,0.61301,0.173787,0.163453,0.0807035,0.743459,0.533886,0.758953,0.319354,0.351669,0.942632,0.968007,0.303341,0.00208197,0.745021
0,0,2,0.890986,0.013176,0.560702,0.34619,0.652623,0.147598,0.500745,0.646103,0.867782,0.091982,0.564162,0.646103,0.324275,0.846757,0.0762537,0.663918,0.324408,-0.00100158,0.467711,0.778729
0,1,0,0.17546,0.782971,0.924557,0.241558,0.856013,0.467303,0.645898,0.548445,0.08014,0.613545,0.923743,0.802471,0.405849,0.937607,0.666572,0.412641,0.209918,0.31826,0.619206,0.204733
0,1,1,0.276726,0.682441,0.438673,0.828669,0.644768,0.425407,0.613447,0.148855,0.152456,0.0599957,0.770357,0.552799,0.76606,0.309782,0.33505,0.934077,0.977562,0.279015,0.0312383,0.748506
0,1,2,0.905406,0.0431039,0.50119,0.313154,0.644975,0.19507,0.437836,0.608975,0.872861,0.0643703,0.579074,0.658034,0.362187,0.85553,0.0708046,0.703125,0.288,0.00425353,0.469659,0.773424
0,2,0,0.156636,0.809963,0.933268,0.261609,0.88738,0.448385,0.628527,0.561398,0.0572173,0.552013,0.914437,0.844893,0.441173,0.907064,0.692684,0.482014,0.211718,0.327187,0.558287,0.214174
0,2,1,0.311654,0.640911,0.426983,0.774275,0.633859,0.432767,0.637018,0.159259,0.161417,0.0578991,0.767718,0.555176,0.770659,0.290074,0.374292,0.926887,0.994949,0.293204,-0.0259655,0.752545
0,2,2,0.865865,0.00113763,0.508706,0.362598,0.67135,0.175971,0.487099,0.665733,0.91341,0.081129,0.612714,0.644794,0.362003,0.893693,0.067735,0.658152,0.276097,0.0192322,0.448191,0.766206
0,3,0,0.154262,0.753109,0.967498,0.239155,0.852222,0.502,0.647012,0.495695,0.0903431,0.587535,0.972724,0.796581,0.410055,0.894171,0.659923,0.464737,0.220133,0.301595,0.617058,0.214563
0,3,1,0.274262,0.726625,0.436084,0.766771,0.631254,0.416239,0.623494,0.145491,0.149425,0.0703183,0.762736,0.530637,0.759289,0.358475,0.361231,0.95274,0.977771,0.316059,0.0162288,0.771982
0,3,2,0.881896,0.0225788,0.523518,0.359654,0.667133,0.166934,0.468019,0.620267,0.90952,0.0724439,0.592482,0.660995,0.368713,0.908734,0.069812,0.657707,0.314888,0.00771285,0.427377,0.753966
0,4,0,0.165755,0.808066,0.974714,0.294703,0.879374,0.470865,0.624386,0.538676,0.0756979,0.562589,0.929756,0.826257,0.434107,0.879272,0.707207,0.450945,0.221562,0.357834,0.635582,0.219362
0,4,1,0.295945,0.670178,0.436983,0.778683,0.638674,0.419175,0.603839,0.180312,0.155387,0.0435744,0.733175,0.545514,0.759913,0.329074,0.354209,0.914512,0.966685,0.347278,0.0317168,0.758037
0,4,2,0.902004,0.0166394,0.526906,0.326177,0.687885,0.234459,0.431491,0.586042,0.8715,0.106854,0.590416,0.682192,0.353897,0.907856,0.0404119,0.693636,0.317544,0.0340723,0.424096,0.736212
0,5,0,0.469604,0.652359,0.343396,0.304822,0.403429,0.894617,0.0595987,0.0651351,0.631,0.390791,0.935997,0.220692,0.0886625,0.608058,-0.0131054,0.345088,0.52125,0.770146,0.0565465,0.678895
0,5,1,0.778768,0.787882,0.294052,0.683044,0.748218,0.749989,0.0236906,0.396287,0.914014,0.894726,0.0515117,0.51227,0.508947,0.579641,0.540404,0.532628,0.479784,0.151648,0.922427,0.196255
0,5,2,0.266726,0.569232,0.795692,0.227221,0.115337,0.588398,0.156769,0.709788,0.982182,0.52906,0.703113,0.606614,0.0903621,0.511909,0.0564052,0.143773,0.773485,0.835342,0.304853,0.45389
0,6,0,0.501444,0.679607,0.336917,0.268922,0.396908,0.89264,0.0788314,0.0807998,0.633615,0.418029,0.945589,0.226472,0.0980156,0.586788,0.0450556,0.316198,0.525601,0.791723,0.0400904,0.691797
0,6,1,0.851726,0.736493,0.345425,0.677375,0.764124,0.768625,-0.0232565,0.380694,0.86883,0.878184,0.0660317,0.521335,0.570815,0.579009,0.561373,0.557914,0.522417,0.13705,0.952901,0.205878
0,6,2,0.254469,0.538217,0.766135,0.212023,0.123528,0.585298,0.122582,0.701804,1.02977,0.499052,0.712755,0.615502,0.0451072,0.495331,0.0523972,0.107077,0.724564,0.858403,0.309175,0.447643
0,0,0,0.158205,0.785232,0.99358,0.249604,0.873554,0.423012,0.620235,0.525761,0.104291,0.598185,0.939862,0.806909,0.461241,0.931091,0.657868,0.41919,0.221527,0.3067,0.56484,0.19844
0,0,1,0.300366,0.713531,0.477168,0.810821,0.640472,0.417891,0.64381,0.161905,0.150792,0.100324,0.732072,0.536511,0.745883,0.311253,0.382237,0.94907,0.969112,0.275477,0.0311242,0.742494
0,0,2,0.914168,0.0620816,0.518659,0.337924,0.694377,0.201212,0.465156,0.636641,0.892414,0.057425,0.611522,0.625046,0.334072,0.911861,0.0429823,0.699909,0.300533,-0.00114373,0.427366,0.710349
0,1,0,0.142663,0.785188,0.967794,0.24937,0.891765,0.514732,0.629758,0.509567,0.0544944,0.583164,0.921073,0.787352,0.449233,0.903647,0.671453,0.445268,0.260882,0.304652,0.601978,0.187513
0,1,1,0.306011,0.667681,0.414341,0.760902,0.631495,0.422442,0.622247,0.144582,0.118748,0.0989991,0.748506,0.558292,0.765481,0.332049,0.35923,0.926153,0.964438,0.309665,-0.0219196,0.763643
0,1,2,0.866328,0.00646664,0.526137,0.311131,0.679002,0.202972,0.467069,0.647068,0.846497,0.0779175,0.57899,0.651089,0.343149,0.904286,0.0611573,0.703704,0.274873,0.00446764,0.40924,0.728699
0,2,0,0.165544,0.756572,0.980073,0.2559,0.912619,0.438557,0.631301,0.5405,0.0577173,0.544886,0.900491,0.791122,0.442759,0.965936,0.665636,0.461586,0.206197,0.289192,0.595867,0.179225
0,2,1,0.249136,0.657477,0.435707,0.79979,0.599607,0.430485,0.59931,0.12501,0.16848,0.0861648,0.735102,0.533499,0.825472,0.304339,0.36031,0.953028,0.944771,0.301779,0.00905786,0.750103
0,2,2,0.884042,-0.0290062,0.510264,0.323024,0.659324,0.193068,0.474167,0.665072,0.877609,0.0822138,0.595088,0.661562,0.334711,0.89864,0.0463335,0.683561,0.33077,-0.000674587,0.427698,0.733759
0,3,0,0.170284,0.792157,0.973627,0.248479,0.874963,0.464541,0.666133,0.526034,0.0626665,0.571909,0.913365,0.817439,0.416883,0.937392,0.662283,0.442744,0.22715,0.325992,0.592283,0.194396
0,3,1,0.299235,0.650543,0.454738,0.761475,0.622138,0.411392,0.585004,0.178095,0.112766,0.0681982,0.737013,0.566351,0.798376,0.294118,0.404106,0.943993,0.967841,0.286898,0.03744,0.750962
0,3,2,0.892969,0.00730821,0.501562,0.303234,0.673807,0.187962,0.522781,0.647716,0.861786,0.0473293,0.589119,0.645104,0.353423,0.879903,0.0912546,0.66926,0.295844,0.00538672,0.458768,0.737647
0,4,0,0.186355,0.792391,0.940566,0.225158,0.855248,0.46938,0.665712,0.534245,0.0466958,0.5914,0.943389,0.815048,0.423185,0.928654,0.697064,0.440342,0.226538,0.310424,0.60776,0.187263
0,4,1,0.305419,0.684077,0.474233,0.778803,0.656314,0.436278,0.611631,0.128835,0.128263,0.0711178,0.739821,0.567063,0.78553,0.318424,0.410381,0.926586,0.999746,0.255876,0.0135178,0.768563
0,4,2,0.909439,-0.000723895,0.532916,0.341872,0.674485,0.172265,0.503054,0.653841,0.866995,0.0694843,0.583264,0.639343,0.351893,0.909165,0.0468814,0.656301,0.321589,0.0398567,0.473222,0.775596
0,5,0,0.532379,0.654772,0.337085,0.301164,0.395062,0.867767,0.0736388,0.0916325,0.61371,0.374874,0.930285,0.208086,0.0641645,0.626659,0.0199893,0.324959,0.490173,0.773274,0.0399725,0.65023
0,5,1,0.793914,0.778156,0.347106,0.719896,0.743715,0.754029,-0.0125486,0.391186,0.867916,0.893185,0.0398825,0.537384,0.56258,0.585718,0.535611,0.603145,0.55297,0.143893,0.938244,0.164052
0,5,2,0.330887,0.563007,0.740203,0.180905,0.154477,0.584156,0.115276,0.721249,0.997101,0.482107,0.745492,0.66116,0.0639197,0.485086,0.0733588,0.0938389,0.704369,0.815317,0.290512,0.443837
0,6,0,0.520564,0.694086,0.341615,0.277111,0.381945,0.869326,0.058237,0.132284,0.636311,0.395775,0.94681,0.200902,0.0840439,0.634197,0.00333058,0.31461,0.520101,0.782861,0.0388363,0.685218
0,6,1,0.799253,0.748564,0.320866,0.702857,0.77982,0.745296,0.00361104,0.362696,0.871189,0.903321,0.0950916,0.541847,0.550408,0.569441,0.524108,0.55225,0.540315,0.13532,0.968467,0.194033
0,6,2,0.256312,0.527607,0.74679,0.249022,0.148696,0.55091,0.147594,0.739138,0.973067,0.457508,0.723013,0.603686,0.0918245,0.494585,0.0530522,0.131335,0.731562,0.863133,0.299769,0.467605
0,0,0,0.146138,0.793561,0.976254,0.240808,0.87314,0.445742,0.618683,0.529042,0.115616,0.566361,0.917674,0.821659,0.392151,0.899935,0.704541,0.47104,0.236747,0.284022,0.604479,0.203218
0,0,1,0.272249,0.658201,0.447336,0.781656,0.628228,0.441983,0.609047,0.154447,0.159006,0.0788712,0.754971,0.575103,0.785476,0.331686,0.384074,0.945895,0.942356,0.295163,-0.0459852,0.77182
0,0,2,0.90406,-0.00401458,0.530079,0.335206,0.669307,0.184326,0.481748,0.662175,0.869077,0.068469,0.599186,0.64321,0.354798,0.880495,0.0869307,0.64686,0.313105,0.024406,0.43585,0.734442
0,1,0,0.162015,0.825798,0.968482,0.222606,0.878915,0.512165,0.672698,0.498327,0.0895741,0.587927,0.949151,0.815188,0.421311,0.907336,0.676493,0.460124,0.212509,0.296753,0.610828,0.212539
0,1,1,0.288,0.69507,0.4556,0.794168,0.648466,0.449034,0.611749,0.145753,0.174308,0.0433889,0.711381,0.480453,0.788282,0.308243,0.366803,0.929798,0.978264,0.290636,0.0175467,0.741434
0,1,2,0.913903,0.0516244,0.496477,0.331035,0.696654,0.212569,0.427785,0.649867,0.86998,0.0907696,0.559899,0.681775,0.338998,0.871759,0.0564804,0.690841,0.331834,0.0218195,0.454392,0.726252
0,2,0,0.175161,0.797096,0.969166,0.232156,0.843514,0.478414,0.666644,0.528639,0.0980771,0.589115,0.972143,0.798492,0.41334,0.875544,0.705036,0.445177,0.221877,0.310026,0.595893,0.208489
0,2,1,0.314249,0.696145,0.442035,0.789509,0.594722,0.398377,0.6261,0.193181,0.178999,0.0587981,0.7294,0.524538,0.773382,0.300955,0.387034,0.925847,0.957827,0.267723,0.00611641,0.751102
0,2,2,0.890443,0.0141991,0.491385,0.318207,0.671212,0.215805,0.455693,0.644456,0.855787,0.049329,0.573184,0.655757,0.376677,0.878203,0.0556433,0.674532,0.302419,-0.0221916,0.440814,0.734143
0,3,0,0.142783,0.804891,1.00195,0.278827,0.902516,0.423424,0.626255,0.545735,0.0566217,0.582185,0.939124,0.790487,0.423478,0.927158,0.663096,0.465602,0.230005,0.283827,0.620444,0.196827
0,3,1,0.30066,0.65483,0.441401,0.763417,0.62953,0.415514,0.635035,0.192576,0.180817,0.0788646,0.741818,0.558933,0.779889,0.359619,0.395053,0.923961,0.971601,0.289327,0.0209464,0.771062
0,3,2,0.90814,0.00850351,0.485695,0.341611,0.637674,0.186295,0.47747,0.650496,0.865813,0.0568638,0.605076,0.683363,0.374728,0.922826,0.0459751,0.68921,0.282937,-0.0121293,0.430516,0.732672
0,4,0,0.20805,0.814492,0.973385,0.255036,0.881899,0.489496,0.63906,0.528181,0.066304,0.588838,0.939419,0.804957,0.42549,0.915473,0.669057,0.476052,0.201877,0.305039,0.607338,0.19188
0,4,1,0.253463,0.675335,0.446013,0.806111,0.619907,0.455782,0.625289,0.153452,0.16398,0.0798631,0.754677,0.53575,0.780679,0.334122,0.366008,0.959217,0.992041,0.30878,0.0129074,0.736483
0,4,2,0.892507,0.0472805,0.506197,0.338384,0.677835,0.202263,0.454714,0.657575,0.853954,0.107011,0.589725,0.644692,0.349775,0.851729,0.0300784,0.642561,0.334171,0.00695072,0.469108,0.750164
0,5,0,0.49648,0.672796,0.338855,0.301005,0.375734,0.897742,0.0856875,0.0559514,0.617513,0.40362,0.952526,0.24998,0.104771,0.63129,0.0429102,0.298889,0.524693,0.785003,0.0336537,0.679795
0,5,1,0.810088,0.7751,0.33214,0.673495,0.784317,0.737976,0.0163818,0.375614,0.935683,0.908918,0.0770532,0.492463,0.526086,0.587284,0.508744,0.53379,0.532673,0.120361,0.945338,0.197773
0,5,2,0.233578,0.491477,0.771851,0.214361,0.0845548,0.561427,0.155098,0.702342,0.9758,0.457328,0.726058,0.656707,0.052284,0.504156,0.0560753,0.120626,0.715677,0.84025,0.305951,0.479698
0,6,0,0.495509,0.647168,0.357489,0.287743,0.375729,0.889926,0.0531321,0.133439,0.633561,0.404204,0.935411,0.233842,0.0754056,0.599652,0.00370217,0.325505,0.539587,0.768855,0.0127577,0.668628
0,6,1,0.801895,0.749092,0.278154,0.691944,0.730488,0.769781,0.0283242,0.405209,0.898225,0.87366,0.0822011,0.523546,0.564218,0.578009,0.545617,0.516777,0.50767,0.169118,0.940244,0.16702
0,6,2,0.264393,0.564355,0.78832,0.213757,0.115682,0.599732,0.139749,0.738496,0.998353,0.497568,0.746952,0.627708,0.065361,0.444492,0.0450395,0.110444,0.73583,0.854172,0.285462,0.491867
0,0,0,0.176246,0.745134,0.930316,0.262409,0.843045,0.473688,0.657748,0.531122,0.0754731,0.578385,0.904396,0.790591,0.39232,0.937184,0.650036,0.442373,0.230508,0.302345,0.560408,0.200317
0,0,1,0.300433,0.672501,0.492467,0.787087,0.660138,0.443372,0.593372,0.148341,0.130129,0.0871426,0.778603,0.590732,0.757307,0.388669,0.412133,0.92595,0.955177,0.306105,0.03148,0.769865
0,0,2,0.901077,0.0330333,0.4984,0.377493,0.674048,0.196211,0.455191,0.633709,0.870807,0.082949,0.571274,0.662827,0.367925,0.913754,0.0718652,0.689232,0.313785,0.0239299,0.466445,0.761493
0,1,0,0.164337,0.831944,1.00895,0.229571,0.869183,0.479979,0.670133,0.494572,0.0958056,0.581114,0.933779,0.801458,0.446116,0.957961,0.661352,0.429519,0.185915,0.309957,0.621072,0.190973
0,1,1,0.303622,0.701648,0.44992,0.819417,0.617906,0.438117,0.620006,0.1214,0.171658,0.0949285,0.780666,0.540212,0.75663,0.304774,0.386263,0.944965,0.978343,0.298045,0.00912711,0.802546
0,1,2,0.886222,-0.0110869,0.538126,0.357019,0.695835,0.175725,0.459183,0.636276,0.88685,0.110902,0.595695,0.643352,0.343248,0.887555,0.0322343,0.69219,0.330219,0.00943807,0.430205,0.738201
0,2,0,0.158096,0.812009,0.981313,0.218073,0.88714,0.470615,0.620036,0.552485,0.0689918,0.571438,0.893838,0.794016,0.446927,0.911275,0.666702,0.460835,0.238808,0.309346,0.5822,0.174623
0,2,1,0.304731,0.687616,0.443116,0.785799,0.633416,0.435288,0.652622,0.174338,0.183098,0.0513651,0.741235,0.535546,0.789014,0.316178,0.355596,0.935191,0.96233,0.27334,0.00214069,0.725562
0,2,2,0.877473,0.0157878,0.477357,0.329245,0.699516,0.200127,0.46913,0.630598,0.884623,0.0189564,0.566657,0.661922,0.321091,0.897208,0.0403423,0.667551,0.289948,0.0046588,0.451129,0.722817
0,3,0,0.162842,0.776825,0.972684,0.252873,0.853393,0.433277,0.629943,0.554744,0.0812918,0.584348,0.92144,0.832724,0.457487,0.910864,0.639596,0.437827,0.214232,0.313919,0.643603,0.181784
0,3,1,0.248682,0.644068,0.435215,0.785263,0.618724,0.416752,0.646219,0.141504,0.144878,0.0922944,0.768988,0.529117,0.758954,0.343907,0.377286,0.915385,0.952047,0.277206,0.0065983,0.766354
0,3,2,0.887879,0.0364188,0.50762,0.336223,0.680888,0.197586,0.449403,0.645187,0.848079,0.0594857,0.597026,0.683369,0.364311,0.889362,0.0801079,0.67742,0.290675,0.0317887,0.441354,0.777537
0,4,0,0.164052,0.790042,0.968537,0.235052,0.880097,0.48156,0.658969,0.532772,0.0700695,0.56983,0.907909,0.802979,0.464584,0.900568,0.688979,0.451625,0.197781,0.312076,0.585516,0.209
0,4,1,0.308682,0.679685,0.431637,0.799714,0.647943,0.414662,0.63756,0.129712,0.156849,0.0136804,0.747926,0.520722,0.782852,0.305485,0.342233,0.965662,0.966904,0.282939,-0.000570657,0.77922
0,4,2,0.906478,0.0228777,0.54341,0.328437,0.664015,0.219418,0.504944,0.643957,0.881658,0.088208,0.592404,0.672211,0.313342,0.882178,0.0908608,0.642739,0.347431,-0.0263542,0.465844,0.761265
0,5,0,0.525724,0.640095,0.318484,0.319218,0.402656,0.871427,0.0578703,0.0927337,0.609062,0.392396,0.940362,0.226423,0.0429854,0.637429,0.0196626,0.264555,0.520672,0.838802,-0.00199998,0.639603
0,5,1,0.759722,0.775607,0.327391,0.674666,0.732869,0.749983,0.0228674,0.403426,0.918254,0.892478,0.07336,0.522161,0.515383,0.566213,0.519371,0.538699,0.515871,0.123711,0.940756,0.229016
0,5,2,0.272183,0.513517,0.77382,0.224028,0.118644,0.563886,0.092272,0.75925,0.999597,0.466785,0.743136,0.614724,0.0761275,0.483376,0.0442964,0.133243,0.759397,0.860768,0.316506,0.483141
0,6,0,0.528447,0.681878,0.386468,0.280688,0.380747,0.876242,0.0879265,0.1192,0.596548,0.377313,0.915732,0.271443,0.0941237,0.612399,-0.00329028,0.321011,0.544766,0.734169,0.00823735,0.616006
0,6,1,0.772711,0.720917,0.322061,0.699434,0.743516,0.761258,0.0376755,0.391121,0.896957,0.92541,0.0552937,0.495396,0.548496,0.561584,0.495214,0.545765,0.532955,0.149888,0.943625,0.214302
0,6,2,0.268566,0.538564,0.773275,0.198386,0.106453,0.581996,0.122949,0.742918,1.00602,0.474595,0.694625,0.616309,0.0356615,0.486791,0.025905,0.137235,0.739331,0.847653,0.279077,0.467892
0,0,0,0.14814,0.783837,0.978876,0.265499,0.870982,0.471284,0.636472,0.577129,0.0668295,0.545372,0.924178,0.806311,0.442998,0.933042,0.695411,0.46915,0.212165,0.310066,0.570734,0.192344
0,0,1,0.281296,0.646038,0.453043,0.763246,0.63432,0.410283,0.631309,0.160178,0.162627,0.054916,0.73255,0.545896,0.774474,0.293448,0.324331,0.927786,0.959687,0.279045,0.0284667,0.792074
0,0,2,0.945372,0.00948442,0.481841,0.317461,0.674399,0.15916,0.467894,0.62256,0.837394,0.079351,0.561659,0.618366,0.351406,0.937073,0.000105359,0.642197,0.291987,0.0166504,0.452804,0.73947
0,1,0,0.12132,0.777578,0.990745,0.208233,0.899863,0.44604,0.640523,0.533944,0.0837348,0.583153,0.962439,0.829,0.441465,0.908046,0.67378,0.435509,0.230435,0.265014,0.602414,0.214681
0,1,1,0.268582,0.688037,0.440728,0.796151,0.603805,0.399522,0.624191,0.180201,0.157179,0.0664872,0.749077,0.552566,0.780877,0.318967,0.372024,0.921468,0.962252,0.242457,0.0398682,0.774625
0,1,2,0.867301,0.0435141,0.526488,0.353159,0.696765,0.225335,0.453046,0.658949,0.899067,0.0334918,0.543186,0.671124,0.362685,0.884169,0.0295103,0.701801,0.309235,-0.0299874,0.485681,0.78416
0,2,0,0.156305,0.816661,0.989764,0.230794,0.88107,0.460648,0.614435,0.538789,0.0703718,0.603864,0.94063,0.827971,0.469626,0.895998,0.651552,0.436917,0.213247,0.338135,0.545367,0.181949
0,2,1,0.299185,0.703117,0.444947,0.831319,0.618618,0.42619,0.61718,0.166973,0.162086,0.0832488,0.767616,0.570403,0.770669,0.308671,0.378345,0.945544,0.960842,0.280657,0.0275634,0.766332
0,2,2,0.9226,0.00781102,0.516678,0.321421,0.698344,0.242647,0.489842,0.629759,0.886103,0.0427203,0.574087,0.676753,0.325263,0.894513,0.0841293,0.669125,0.33225,0.0355494,0.421076,0.763161
0,3,0,0.177905,0.81591,0.972402,0.228058,0.853434,0.442292,0.634888,0.51671,0.0640398,0.572098,0.93789,0.800574,0.468003,0.924913,0.672995,0.479483,0.215672,0.310982,0.60372,0.155678
0,3,1,0.263755,0.648547,0.421081,0.789763,0.641737,0.436238,0.605281,0.151335,0.117751,0.0766634,0.758308,0.523001,0.768512,0.354666,0.385872,0.940198,0.98357,0.299017,0.0117094,0.777495
0,3,2,0.860691,0.039305,0.489244,0.3454,0.672337,0.198065,0.468494,0.634694,0.884061,0.0621111,0.588422,0.649837,0.32914,0.874327,0.0641348,0.655495,0.294542,-0.00947155,0.444726,0.725392
0,4,0,0.1419,0.76841,0.968355,0.254885,0.867583,0.471221,0.601453,0.542169,0.0424033,0.575009,0.915622,0.815947,0.443421,0.91491,0.663089,0.475499,0.221745,0.339657,0.566772,0.183023
0,4,1,0.295384,0.677223,0.438426,0.752531,0.60679,0.419486,0.62008,0.178663,0.189661,0.0931717,0.780547,0.535258,0.756908,0.312795,0.36482,0.952442,0.994843,0.347429,0.0144627,0.805484
0,4,2,0.857683,0.0312066,0.507544,0.363768,0.660244,0.209018,0.461219,0.634016,0.866266,0.063152,0.55128,0.658474,0.395412,0.879744,0.0636963,0.675897,0.34296,-0.00512103,0.468501,0.752402
0,5,0,0.516452,0.655776,0.348497,0.282349,0.379849,0.886833,0.0715057,0.0733571,0.610674,0.374716,0.950505,0.239972,0.0244393,0.620674,-0.000517006,0.276992,0.553009,0.746201,0.072201,0.711601
0,5,1,0.784439,0.750729,0.33489,0.699805,0.760201,0.730711,0.0077077,0.365378,0.881318,0.904586,0.108241,0.505171,0.534908,0.591142,0.537224,0.549958,0.523593,0.135603,0.937926,0.16991
0,5,2,0.316147,0.53415,0.764805,0.252384,0.122231,0.607577,0.142735,0.704339,0.975412,0.503121,0.695855,0.609297,0.0226668,0.475231,0.0397217,0.0726881,0.746974,0.86308,0.255537,0.480537
0,6,0,0.503573,0.63903,0.362698,0.288303,0.340505,0.867295,0.0552885,0.109487,0.642303,0.402953,0.936026,0.215854,0.0790227,0.62764,-0.00744186,0.293616,0.527731,0.755018,0.0383985,0.673019
0,6,1,0.771327,0.730003,0.317553,0.719827,0.783162,0.748829,-0.00177092,0.397084,0.855776,0.888466,0.0629321,0.50812,0.520462,0.591325,0.522213,0.542281,0.517238,0.0999806,0.976071,0.209513
0,6,2,0.244789,0.505947,0.78676,0.202682,0.0775992,0.59238,0.119517,0.686534,1.00716,0.490174,0.74934,0.616319,0.0707915,0.509008,0.0607617,0.134944,0.737894,0.870222,0.300927,0.485402
0,0,0,0.145753,0.779545,0.976722,0.235777,0.89783,0.472593,0.637939,0.545724,0.05839,0.60284,0.920656,0.79396,0.436426,0.930146,0.691903,0.417546,0.259462,0.331095,0.60677,0.177537
0,0,1,0.291148,0.695928,0.432377,0.785163,0.632341,0.411234,0.64843,0.168964,0.140077,0.0776026,0.739234,0.552126,0.761853,0.28117,0.391179,0.937627,0.960284,0.313889,-0.040914,0.796518
0,0,2,0.896353,0.0346878,0.521637,0.320868,0.660108,0.212211,0.476107,0.638923,0.862963,0.0191227,0.591436,0.65617,0.365199,0.915958,0.0753659,0.671124,0.324412,-0.0208803,0.426789,0.754389
0,1,0,0.137474,0.797621,0.974078,0.229587,0.864665,0.460022,0.689121,0.541229,0.0473902,0.564469,0.924647,0.837254,0.45359,0.897756,0.632763,0.4722,0.257669,0.308959,0.634573,0.166168
0,1,1,0.26659,0.72537,0.412442,0.792521,0.620659,0.409304,0.653904,0.142792,0.168992,0.0694383,0.749045,0.570352,0.768136,0.315817,0.373566,0.964627,0.945827,0.279065,0.0127642,0.740892
0,1,2,0.91148,-0.0207966,0.505328,0.317996,0.643662,0.227075,0.463561,0.625924,0.851252,0.0889443,0.598145,0.642482,0.359856,0.881887,0.0689882,0.685102,0.308329,-0.0262039,0.426798,0.732751
0,2,0,0.15599,0.794783,0.970573,0.242304,0.858327,0.466864,0.64359,0.57081,0.110648,0.546473,0.933095,0.828688,0.428733,0.956921,0.6495,0.469447,0.25104,0.309846,0.582323,0.178468
0,2,1,0.292052,0.668633,0.450798,0.752188,0.625223,0.431938,0.596773,0.178863,0.178052,0.0583241,0.736358,0.568355,0.772685,0.332476,0.337086,0.933567,0.953467,0.309266,0.0212314,0.821616
0,2,2,0.928069,0.00128894,0.506347,0.366144,0.661138,0.199274,0.470145,0.648562,0.881237,0.0850539,0.544058,0.630759,0.360492,0.907403,0.0526746,0.683261,0.292552,0.0511703,0.461875,0.756942
0,3,0,0.189526,0.786872,0.92315,0.258685,0.8641,0.464561,0.629133,0.57279,0.0544514,0.577839,0.973566,0.852189,0.454063,0.89898,0.661986,0.488603,0.231952,0.308096,0.615308,0.196275
0,3,1,0.332383,0.696578,0.450886,0.78204,0.604905,0.388769,0.639753,0.171349,0.138375,0.0358037,0.758901,0.561269,0.817768,0.365555,0.384255,0.936173,0.950265,0.300087,0.0337296,0.777928
0,3,2,0.902019,0.000877817,0.54382,0.317975,0.663864,0.192415,0.444246,0.67134,0.872082,0.044552,0.575761,0.650188,0.376604,0.867755,0.0541782,0.67132,0.290519,-0.0181921,0.432083,0.753592
0,4,0,0.183621,0.804555,0.967521,0.234315,0.867599,0.462411,0.672424,0.559071,0.0777374,0.586547,0.92325,0.788428,0.424,0.897995,0.692256,0.457937,0.250625,0.317493,0.588684,0.196902
0,4,1,0.310184,0.701554,0.474285,0.806751,0.642906,0.40441,0.627224,0.159573,0.186286,0.0977228,0.739085,0.545113,0.760818,0.341978,0.366759,0.931706,0.971854,0.296655,0.0267639,0.767889
0,4,2,0.885204,-0.00987666,0.512617,0.337166,0.635715,0.170788,0.476329,0.633032,0.870557,0.0426258,0.607967,0.646687,0.372971,0.860983,0.073523,0.677392,0.327419,-0.0128977,0.4339,0.776762
0,5,0,0.541951,0.667824,0.332353,0.282728,0.370265,0.891752,0.0510207,0.094076,0.59589,0.407348,0.935658,0.229748,0.0667822,0.601928,0.0277813,0.294919,0.499508,0.738877,0.0335348,0.723728
0,5,1,0.797507,0.755883,0.334606,0.711455,0.75376,0.743814,-0.0168578,0.377781,0.886356,0.896745,0.0672179,0.50938,0.544286,0.562169,0.498957,0.558534,0.536021,0.163585,0.943791,0.16327
0,5,2,0.291824,0.537327,0.775672,0.203796,0.10853,0.581702,0.14103,0.725203,0.979112,0.490039,0.689721,0.58958,0.0913217,0.496789,0.0795297,0.0651198,0.710971,0.868434,0.322548,0.451856
0,6,0,0.51326,0.640917,0.381792,0.276915,0.332159,0.855858,0.0531865,0.144625,0.639982,0.420158,0.934176,0.246773,0.114788,0.58694,0.0438926,0.321979,0.540977,0.774482,0.0307527,0.651334
0,6,1,0.809811,0.73213,0.32177,0.703307,0.790043,0.762636,0.0570138,0.372026,0.875229,0.899048,0.0786492,0.51816,0.553411,0.588971,0.529704,0.588523,0.514916,0.12261,0.953234,0.173239
0,6,2,0.25791,0.49758,0.810839,0.22197,0.0831563,0.586847,0.117995,0.681915,0.992481,0.453016,0.704913,0.596968,0.0386445,0.489718,0.0257378,0.122569,0.766491,0.891003,0.292943,0.481805
0,0,0,0.155155,0.813866,0.982634,0.238511,0.903075,0.451445,0.600144,0.55218,0.0544719,0.546624,0.919666,0.819823,0.442501,0.933934,0.653336,0.410924,0.232617,0.354319,0.61886,0.171548
0,0,1,0.319047,0.698026,0.438756,0.782083,0.626675,0.422431,0.643909,0.12758,0.1705,0.0648587,0.743287,0.535489,0.7643,0.329492,0.422321,0.911549,0.917991,0.302935,0.0470057,0.741541
0,0,2,0.881567,0.00553513,0.511695,0.370334,0.672917,0.165298,0.482734,0.639601,0.855317,0.0789496,0.610576,0.661269,0.333302,0.903002,0.0266028,0.686722,0.294179,0.0155247,0.454708,0.743275
0,1,0,0.172277,0.820217,1.0112,0.255234,0.872824,0.444603,0.639962,0.549176,0.0728327,0.596569,0.902697,0.81974,0.433232,0.901068,0.693222,0.434883,0.22286,0.311798,0.61797,0.208626
0,1,1,0.279836,0.691127,0.456544,0.763982,0.669921,0.437683,0.632312,0.162852,0.150323,0.0755686,0.721406,0.58369,0.781928,0.330651,0.376369,0.929911,0.981898,0.331326,-0.0121892,0.767802
0,1,2,0.915292,0.0143992,0.487784,0.348681,0.643657,0.203315,0.486285,0.638291,0.851905,0.081861,0.577588,0.662954,0.386737,0.889061,0.0591611,0.69281,0.292012,0.0203082,0.441258,0.781373
0,2,0,0.168038,0.777343,0.932552,0.246561,0.893703,0.462952,0.660866,0.53346,0.0665508,0.567383,0.91351,0.797712,0.436247,0.917225,0.687256,0.482706,0.229493,0.310507,0.58398,0.203688
0,2,1,0.300275,0.706066,0.434375,0.80412,0.620886,0.422188,0.627667,0.155698,0.190525,0.0828878,0.727326,0.543282,0.762381,0.329624,0.368609,0.929459,0.947704,0.28576,0.0346187,0.771128
0,2,2,0.897246,0.0279379,0.540801,0.270558,0.704925,0.203048,0.438452,0.636582,0.890061,0.0610092,0.587306,0.648229,0.360918,0.88363,0.0472146,0.670058,0.265241,-0.0130025,0.471269,0.769062
0,3,0,0.202507,0.750906,0.947346,0.28505,0.862623,0.486113,0.601703,0.546432,0.0606013,0.604502,0.922051,0.80767,0.464494,0.905116,0.654916,0.439801,0.246097,0.301416,0.583458,0.193659
0,3,1,0.30455,0.690395,0.456658,0.760965,0.654842,0.450794,0.624074,0.169024,0.172665,0.0564071,0.761243,0.567345,0.769974,0.359444,0.38204,0.952613,0.988275,0.278532,0.0538685,0.755358
0,3,2,0.886605,0.000522454,0.497248,0.293734,0.690644,0.184711,0.478618,0.629696,0.883128,0.0660322,0.597963,0.656055,0.373351,0.908565,0.0364787,0.681781,0.326197,-0.00207557,0.458098,0.784936
0,4,0,0.161119,0.809613,0.952136,0.255702,0.860299,0.452325,0.630907,0.552198,0.0399906,0.569001,0.931278,0.831973,0.465593,0.923891,0.665238,0.457341,0.19983,0.299121,0.580424,0.168781
0,4,1,0.279524,0.671923,0.458427,0.762831,0.618011,0.398171,0.60789,0.168685,0.182809,0.0518775,0.772573,0.539667,0.75523,0.332329,0.357539,0.955269,0.952019,0.309057,0.0398005,0.802227
0,4,2,0.892119,0.00724602,0.520013,0.346091,0.639984,0.176287,0.458418,0.626861,0.873843,0.0764802,0.608306,0.675424,0.368169,0.894651,0.0918765,0.662917,0.319032,-0.000897086,0.449651,0.771767
0,5,0,0.483849,0.648146,0.407996,0.287037,0.375608,0.881779,0.0286215,0.113592,0.613181,0.403476,0.928326,0.260179,0.0707469,0.597069,0.0154784,0.290226,0.547778,0.766621,0.0288601,0.686891
0,5,1,0.814226,0.752931,0.345992,0.707518,0.777904,0.789289,0.0381366,0.396796,0.905597,0.880147,0.0615824,0.487381,0.579346,0.585038,0.535549,0.541822,0.536007,0.129926,0.953523,0.192429
0,5,2,0.260084,0.51576,0.787425,0.227159,0.13409,0.567305,0.130755,0.67639,1.00122,0.463979,0.727016,0.634588,0.0689102,0.533596,0.0518655,0.125242,0.759079,0.832711,0.284389,0.444585
0,6,0,0.495156,0.64962,0.394756,0.296682,0.367768,0.848277,0.0678815,0.103024,0.625327,0.374668,0.935378,0.224942,0.0461476,0.611193,-0.00616047,0.331032,0.548137,0.797778,0.0208101,0.681657
0,6,1,0.755951,0.716029,0.33848,0.687508,0.78613,0.774813,0.000826358,0.35713,0.91426,0.879925,0.0803902,0.533007,0.561906,0.554322,0.477744,0.56973,0.538437,0.117614,0.967739,0.151732
0,6,2,0.272394,0.503739,0.817875,0.204607,0.112172,0.563222,0.0883177,0.687992,0.992865,0.472326,0.713169,0.62007,0.10327,0.467696,0.0748187,0.124813,0.736212,0.830174,0.325281,0.44698
0,0,0,0.164899,0.806788,0.968989,0.203315,0.857525,0.472522,0.63245,0.54046,0.110864,0.579366,0.907645,0.781642,0.434091,0.901114,0.637081,0.484022,0.21103,0.319088,0.621217,0.19382
0,0,1,0.291841,0.717257,0.445246,0.76883,0.623148,0.404892,0.608586,0.176806,0.129815,0.0738539,0.752084,0.519487,0.769183,0.337572,0.372122,0.938282,0.944237,0.289208,0.0094094,0.782441
0,0,2,0.878263,0.0528929,0.530145,0.331269,0.634634,0.196418,0.44694,0.613144,0.890243,0.0657289,0.622119,0.637131,0.372784,0.901536,0.0796465,0.687312,0.330277,-0.0183581,0.431975,0.761363
0,1,0,0.152576,0.826633,0.947897,0.222557,0.870688,0.464245,0.631333,0.541624,0.0723721,0.568397,0.931998,0.824558,0.430807,0.876458,0.655539,0.424879,0.221378,0.343894,0.57959,0.207639
0,1,1,0.306929,0.670447,0.450274,0.788727,0.631823,0.410153,0.598687,0.152141,0.135452,0.070796,0.755075,0.575192,0.756075,0.308524,0.383931,0.92407,0.988038,0.286282,0.0630798,0.751368
0,1,2,0.850494,0.0395239,0.517099,0.328353,0.676543,0.171619,0.499466,0.655944,0.879011,0.0482832,0.577012,0.693005,0.35693,0.891121,0.0798963,0.688613,0.305394,-0.0129245,0.469895,0.77046
0,2,0,0.175689,0.767983,0.957226,0.237184,0.867794,0.447927,0.633926,0.544629,0.0747421,0.549005,0.947444,0.809136,0.429464,0.909823,0.651792,0.393099,0.215878,0.334406,0.584509,0.178166
0,2,1,0.264057,0.66485,0.448593,0.818771,0.620878,0.418989,0.608352,0.155971,0.136503,0.0796507,0.740201,0.524931,0.773403,0.324301,0.370064,0.924619,0.998096,0.319612,0.0271028,0.783103
0,2,2,0.917127,0.0089822,0.49779,0.341575,0.658252,0.147523,0.47845,0.633521,0.869498,0.072776,0.57328,0.645104,0.349644,0.872345,0.0704175,0.683483,0.314964,-0.000616854,0.473237,0.739969
0,3,0,0.162365,0.827624,0.982044,0.2466,0.865884,0.476659,0.637336,0.539399,0.0806099,0.549654,0.95423,0.781825,0.423496,0.905461,0.664712,0.416421,0.208983,0.344165,0.568701,0.207385
0,3,1,0.293156,0.675727,0.457589,0.780639,0.609666,0.421035,0.611059,0.171071,0.183784,0.0660887,0.754829,0.540789,0.769944,0.299007,0.342557,0.912861,0.969653,0.331961,-0.0178968,0.783272
0,3,2,0.897155,0.0348922,0.500441,0.376032,0.702485,0.212217,0.434098,0.679429,0.862721,0.0619384,0.57049,0.651329,0.346222,0.853898,0.0610175,0.649756,0.307795,0.037339,0.465489,0.751473
0,4,0,0.158022,0.827459,0.956202,0.268101,0.89126,0.485903,0.665397,0.528587,0.0429025,0.58442,0.936075,0.790447,0.416165,0.931429,0.659736,0.44145,0.242797,0.334962,0.623582,0.198648
0,4,1,0.29909,0.670577,0.457729,0.779631,0.626266,0.422483,0.580383,0.15619,0.185439,0.0816991,0.776048,0.52955,0.768222,0.317836,0.366694,0.928038,0.933749,0.315333,0.0111865,0.78048
0,4,2,0.913884,-0.00888237,0.502037,0.323343,0.660878,0.173178,0.47532,0.627482,0.863588,0.108772,0.55389,0.615071,0.344929,0.87761,0.0482467,0.671287,0.291285,0.0113386,0.477191,0.742512
0,5,0,0.463924,0.632907,0.369898,0.268815,0.367721,0.870797,0.0787307,0.102282,0.594904,0.395577,0.938812,0.239103,0.103671,0.600528,0.00232004,0.258918,0.498864,0.831393,0.0387022,0.688279
0,5,1,0.803543,0.748809,0.355302,0.704553,0.794336,0.791586,0.0420693,0.359669,0.891798,0.909068,0.0792997,0.473202,0.531574,0.540262,0.559953,0.563415,0.52794,0.170874,0.940528,0.175404
0,5,2,0.246114,0.553407,0.798295,0.244049,0.136391,0.621599,0.14948,0.711217,0.950421,0.49656,0.756864,0.614364,0.0710161,0.477416,0.048166,0.123988,0.758066,0.828757,0.282501,0.451839
0,6,0,0.487781,0.623945,0.370132,0.304157,0.408932,0.898181,0.046734,0.106665,0.605414,0.394256,0.947221,0.201146,0.114138,0.627048,0.0155394,0.297513,0.54055,0.80248,0.0782773,0.666949
0,6,1,0.799979,0.755634,0.349302,0.699052,0.763357,0.801504,0.0213659,0.3541,0.899149,0.899197,0.046001,0.511501,0.555793,0.566699,0.543485,0.574593,0.514727,0.116868,0.930006,0.235903
0,6,2,0.272924,0.522006,0.748464,0.218144,0.11635,0.586252,0.112259,0.755852,1.0152,0.502162,0.699746,0.640637,0.0730386,0.488002,0.0254682,0.103479,0.750238,0.825303,0.322329,0.492825
0,0,0,0.14208,0.790949,0.968017,0.267713,0.883204,0.493143,0.672755,0.528117,0.0563105,0.582067,0.91124,0.8124,0.458336,0.910994,0.637243,0.427452,0.222178,0.305241,0.626251,0.207891
0,0,1,0.249855,0.655487,0.447283,0.798378,0.631731,0.458628,0.601358,0.167378,0.129826,0.060066,0.776504,0.533801,0.736242,0.315905,0.404246,0.947769,0.92372,0.321732,-0.0057857,0.788857
0,0,2,0.889009,-0.0149874,0.500699,0.313646,0.642377,0.177322,0.447277,0.621661,0.861185,0.114533,0.596826,0.666824,0.349657,0.865692,0.0871693,0.653079,0.295132,0.0256234,0.425875,0.749374
0,1,0,0.139723,0.800004,0.974766,0.277242,0.894428,0.478515,0.669251,0.538871,0.0461554,0.579959,0.937337,0.831461,0.421621,0.894986,0.703792,0.429602,0.231916,0.340509,0.553116,0.171499
0,1,1,0.275,0.701776,0.400778,0.789218,0.653722,0.428032,0.612662,0.150188,0.150236,0.0502223,0.730308,0.550933,0.778319,0.3234,0.349604,0.930449,0.954062,0.251392,0.018473,0.781227
0,1,2,0.885049,0.0211228,0.486257,0.300421,0.646617,0.19213,0.482008,0.615949,0.866002,0.0863807,0.592374,0.652613,0.359625,0.864135,0.0684534,0.685807,0.322653,0.0182869,0.439335,0.743431
0,2,0,0.159944,0.787302,0.969581,0.241698,0.839517,0.462117,0.651529,0.53393,0.0572243,0.555012,0.967054,0.791312,0.429801,0.943976,0.665212,0.473148,0.202924,0.323887,0.565499,0.216185
0,2,1,0.27159,0.689383,0.439218,0.803986,0.651589,0.408902,0.607267,0.187095,0.161137,0.0611774,0.789028,0.574366,0.816281,0.346669,0.399014,0.957714,1.00644,0.258789,0.0435755,0.761869
0,2,2,0.913797,0.000681998,0.526021,0.302357,0.686674,0.216285,0.457731,0.625692,0.872022,0.100539,0.592328,0.655194,0.368849,0.873948,0.0602935,0.628167,0.304342,0.00331119,0.409154,0.72964
0,3,0,0.11449,0.792463,1.01892,0.261434,0.858163,0.46049,0.649185,0.528603,0.0682215,0.59373,0.916991,0.798228,0.423561,0.89675,0.630473,0.457175,0.210039,0.319862,0.618872,0.218949
0,3,1,0.271561,0.678895,0.46309,0.779947,0.632335,0.416771,0.618646,0.0927092,0.175991,0.0353859,0.750908,0.546785,0.766302,0.306176,0.362398,0.925365,0.936276,0.330045,0.00328066,0.744793
0,3,2,0.87131,0.0476469,0.515733,0.353394,0.635862,0.190093,0.495138,0.63542,0.875675,0.0972253,0.564652,0.6536,0.361389,0.86037,0.0520195,0.688127,0.323473,-0.00140978,0.441867,0.744268
0,4,0,0.142029,0.832205,0.994328,0.24163,0.86053,0.475873,0.628784,0.54929,0.0782449,0.590467,0.965056,0.824302,0.457624,0.912415,0.65211,0.432078,0.209494,0.321351,0.596394,0.1719
0,4,1,0.286956,0.673031,0.442776,0.749666,0.631417,0.43888,0.597942,0.171219,0.170571,0.0970722,0.764424,0.548724,0.758066,0.291364,0.377602,0.929378,1.00205,0.309948,0.0368778,0.774868
0,4,2,0.882411,-0.0217897,0.513756,0.366198,0.654395,0.206407,0.475312,0.644066,0.860463,0.0851175,0.56725,0.678108,0.351193,0.897572,0.0490676,0.697283,0.273065,0.0115562,0.463533,0.745907
0,5,0,0.519955,0.662726,0.357091,0.285959,0.329862,0.864006,0.077421,0.100601,0.597923,0.38624,0.931865,0.2614,0.0820457,0.589028,0.00932194,0.278328,0.532803,0.763265,0.0483183,0.69231
0,5,1,0.798202,0.746355,0.334465,0.703873,0.731931,0.753119,0.0248326,0.375532,0.917353,0.893237,0.0580234,0.484466,0.549569,0.573992,0.533025,0.564431,0.499306,0.18628,0.953965,0.230241
0,5,2,0.257906,0.497579,0.779637,0.228011,0.112794,0.606337,0.140392,0.695394,0.982164,0.485374,0.751705,0.595658,0.0330561,0.478574,0.0661607,0.0783536,0.751166,0.828476,0.265037,0.455737
0,6,0,0.490878,0.641284,0.380349,0.267375,0.408414,0.887785,0.0568097,0.113862,0.592737,0.379571,0.934986,0.241298,0.112544,0.638025,0.011811,0.297324,0.528645,0.759432,0.0304301,0.686364
0,6,1,0.788266,0.755643,0.337691,0.653884,0.768166,0.782114,-0.0101465,0.394106,0.89525,0.903514,0.0493282,0.502662,0.539565,0.569025,0.552387,0.567463,0.497568,0.182825,0.947573,0.184131
0,6,2,0.285957,0.545986,0.770919,0.25168,0.130419,0.638342,0.135012,0.705598,0.992194,0.473462,0.753149,0.62416,0.0565674,0.471336,0.0380845,0.124034,0.739315,0.851378,0.312985,0.472267
0,0,0,0.200066,0.832754,0.997181,0.254638,0.887523,0.492532,0.630935,0.503648,0.0708175,0.569328,0.956112,0.786678,0.438845,0.887807,0.656968,0.442892,0.227899,0.304387,0.577909,0.169992
0,0,1,0.303352,0.693326,0.462616,0.793719,0.656872,0.414541,0.620265,0.156878,0.165933,0.0548932,0.744063,0.579675,0.771158,0.342047,0.364388,0.934522,0.975334,0.289503,0.0260644,0.776704
0,0,2,0.895078,0.0130622,0.476905,0.308545,0.644359,0.19577,0.502124,0.625491,0.870395,0.0535947,0.611986,0.667354,0.364978,0.884369,0.0658107,0.698619,0.300561,-0.0106689,0.453647,0.735968
0,1,0,0.163632,0.796537,0.943058,0.26206,0.903707,0.491056,0.693707,0.522699,0.0755176,0.595862,0.935234,0.826515,0.430663,0.89719,0.635908,0.433261,0.199338,0.314088,0.613208,0.181917
0,1,1,0.308424,0.687402,0.440806,0.765446,0.628405,0.439106,0.641667,0.159077,0.117912,0.0762508,0.780896,0.534583,0.770424,0.375285,0.37267,0.929613,0.971553,0.287652,0.0382885,0.776724
0,1,2,0.877974,0.0182416,0.513012,0.325879,0.678852,0.218988,0.510034,0.615678,0.885815,0.0911274,0.570354,0.646098,0.340219,0.917709,0.0257421,0.660943,0.331355,0.00429958,0.454906,0.746301
0,2,0,0.165414,0.790308,0.974425,0.247788,0.870177,0.474321,0.648507,0.540318,0.100956,0.574368,0.939542,0.794869,0.459638,0.898762,0.659979,0.398611,0.234073,0.319499,0.587059,0.232529
0,2,1,0.319533,0.677028,0.460953,0.794387,0.645759,0.44015,0.636163,0.175899,0.176082,0.0794341,0.726273,0.536035,0.754245,0.291309,0.377336,0.928531,0.962362,0.269152,0.0188849,0.754962
0,2,2,0.861882,0.0212709,0.511324,0.331794,0.660848,0.223466,0.494019,0.660521,0.898495,0.121104,0.581665,0.660963,0.323802,0.873035,0.0643966,0.700526,0.308986,0.0291323,0.462822,0.766175
0,3,0,0.18997,0.786606,0.979042,0.236694,0.846273,0.418807,0.662621,0.532688,0.0671709,0.616166,0.941578,0.801808,0.412497,0.928744,0.650744,0.480872,0.210742,0.318395,0.596763,0.198108
0,3,1,0.267389,0.692227,0.464632,0.718312,0.64264,0.405889,0.643734,0.155924,0.176299,0.0697312,0.7005,0.564106,0.825464,0.311141,0.373329,0.942034,0.99291,0.300243,0.00626031,0.746831
0,3,2,0.878559,0.0192145,0.497043,0.326838,0.659088,0.188116,0.526394,0.644682,0.858975,0.0510424,0.583442,0.658145,0.385633,0.889311,0.0451157,0.688311,0.325512,0.0292012,0.473937,0.775508
0,4,0,0.164667,0.815476,0.953908,0.250906,0.857331,0.443614,0.63313,0.529255,0.114933,0.573721,0.96053,0.810515,0.437915,0.912618,0.638356,0.477778,0.224506,0.340352,0.59281,0.178946
0,4,1,0.273799,0.684635,0.433913,0.788528,0.672739,0.409236,0.596295,0.192455,0.13564,0.0509581,0.78012,0.535067,0.783259,0.299841,0.320174,0.947545,0.954323,0.296143,0.0209456,0.729181
0,4,2,0.881089,0.0355608,0.502857,0.337007,0.681995,0.203791,0.482059,0.637447,0.906148,0.0850397,0.5718,0.660461,0.318711,0.871605,0.0439807,0.684431,0.320358,0.0201932,0.468562,0.72353
0,5,0,0.515996,0.683831,0.38257,0.296185,0.403803,0.880719,0.0414326,0.0955005,0.601011,0.403118,0.948015,0.242482,0.0876206,0.596369,-0.0137329,0.292024,0.527589,0.776537,0.0633051,0.649445
0,5,1,0.782164,0.776126,0.360843,0.677736,0.767119,0.751175,0.0121883,0.357966,0.867842,0.907728,0.0349515,0.482457,0.560719,0.55918,0.536078,0.570914,0.523576,0.159496,0.964812,0.191406
0,5,2,0.301984,0.547282,0.791686,0.200346,0.135015,0.558816,0.11923,0.696714,0.966934,0.478456,0.728501,0.623012,0.0781633,0.501825,0.0261472,0.137197,0.759967,0.842821,0.301583,0.499366
0,6,0,0.513095,0.657158,0.352177,0.245063,0.371657,0.908765,0.0933476,0.144013,0.573501,0.381019,0.952519,0.258883,0.0682116,0.587403,0.026044,0.311659,0.549136,0.765012,0.028518,0.667001
0,6,1,0.775125,0.754284,0.300019,0.694284,0.768311,0.787159,0.0258668,0.412569,0.90899,0.889132,0.0860074,0.484617,0.611771,0.592734,0.551778,0.573849,0.496381,0.129466,0.914932,0.227975
0,6,2,0.287932,0.547749,0.783654,0.203159,0.122561,0.559017,0.139812,0.731173,0.966295,0.494723,0.72264,0.664391,0.0420092,0.500181,0.0429257,0.117314,0.755438,0.826243,0.300017,0.463746
0,0,0,0.186384,0.80221,0.961349,0.265861,0.893601,0.448052,0.594071,0.510416,0.0916459,0.593378,0.943266,0.788443,0.465411,0.920122,0.682239,0.436817,0.188293,0.286353,0.576765,0.230192
0,0,1,0.32169,0.693949,0.418218,0.778837,0.615576,0.433392,0.614612,0.135126,0.163862,0.0629593,0.752168,0.516206,0.794173,0.305396,0.380198,0.941761,0.96761,0.286188,0.0454552,0.735952
0,0,2,0.912975,0.0246959,0.500431,0.330151,0.679572,0.210735,0.510118,0.616989,0.876791,0.0856019,0.57946,0.657065,0.363515,0.882904,0.0931446,0.664325,0.282025,0.024954,0.457565,0.770866
0,1,0,0.152573,0.797884,0.963513,0.265046,0.867479,0.448665,0.638349,0.54042,0.0593605,0.575168,0.963499,0.827893,0.43849,0.871572,0.633091,0.424132,0.225433,0.318917,0.577787,0.185537
0,1,1,0.259876,0.690271,0.43855,0.762204,0.62819,0.43257,0.600227,0.183698,0.182438,0.0818026,0.712711,0.531981,0.75389,0.328402,0.383573,0.933395,0.963767,0.303552,0.00124425,0.73698
0,1,2,0.892711,0.0275542,0.509281,0.315828,0.643381,0.185128,0.475711,0.657445,0.898517,0.0569511,0.56124,0.617081,0.363188,0.87906,0.0344824,0.662175,0.329165,-0.0242453,0.438498,0.781986
0,2,0,0.136812,0.837776,0.941891,0.232385,0.886556,0.4748,0.636341,0.578137,0.0309383,0.611183,0.928217,0.791223,0.457026,0.902953,0.679439,0.441229,0.207014,0.301479,0.609875,0.218594
0,2,1,0.30094,0.714413,0.416049,0.746414,0.60043,0.402372,0.612714,0.141433,0.201237,0.0736176,0.771922,0.502135,0.780328,0.340578,0.313177,0.95845,0.904605,0.313955,0.00447591,0.747848
0,2,2,0.894306,-0.028671,0.481731,0.348025,0.656699,0.189393,0.468306,0.643944,0.850624,0.0882239,0.601874,0.667591,0.320647,0.869853,0.0718151,0.637919,0.313902,0.00692579,0.437565,0.772577
0,3,0,0.140993,0.802532,0.955383,0.243995,0.88327,0.460002,0.627017,0.5466,0.070351,0.588485,0.972466,0.805606,0.415395,0.940594,0.665937,0.463253,0.220301,0.289379,0.595936,0.207413
0,3,1,0.285989,0.723533,0.439974,0.789513,0.670597,0.383434,0.656768,0.158391,0.172671,0.0836518,0.727134,0.501751,0.761885,0.329493,0.362118,0.901812,0.958843,0.321842,-0.00939939,0.788174
0,3,2,0.903749,0.0316572,0.530207,0.297638,0.702364,0.188806,0.472532,0.634605,0.870026,0.0484549,0.592246,0.641251,0.364549,0.875491,0.0431181,0.67865,0.322523,0.0205687,0.476013,0.764462
0,4,0,0.145912,0.762741,0.984029,0.275694,0.856495,0.452539,0.633681,0.529733,0.0442937,0.543588,0.953335,0.809019,0.396207,0.95255,0.643529,0.446045,0.234968,0.284714,0.60195,0.205667
0,4,1,0.262561,0.685242,0.418685,0.801271,0.627628,0.441555,0.62799,0.153867,0.151959,0.0644789,0.751047,0.53037,0.767531,0.306978,0.360084,0.950069,0.977657,0.321292,0.0136067,0.773885
0,4,2,0.907006,0.061287,0.540174,0.367722,0.656751,0.193189,0.436783,0.633337,0.888684,0.104539,0.58084,0.677877,0.357799,0.908131,0.0879757,0.671988,0.308949,0.0177365,0.454061,0.749559
0,5,0,0.514305,0.644313,0.419618,0.265313,0.392097,0.85638,0.0555291,0.145306,0.610476,0.384567,0.921804,0.234734,0.0355935,0.56785,-0.0196438,0.286435,0.537188,0.768047,0.013939,0.663433
0,5,1,0.771319,0.764307,0.340201,0.690757,0.772871,0.768216,-0.0102309,0.393105,0.881345,0.910168,0.0812228,0.500413,0.513778,0.59316,0.542983,0.534072,0.528675,0.152866,0.961957,0.182683
0,5,2,0.29709,0.502448,0.782374,0.191152,0.083137,0.570173,0.0820248,0.725166,0.97515,0.483559,0.745771,0.610114,0.0590706,0.505989,0.0520944,0.123044,0.709528,0.863246,0.301102,0.44339
0,6,0,0.508858,0.655592,0.337045,0.291728,0.366855,0.869263,0.0500972,0.131934,0.604272,0.401611,0.922296,0.244978,0.064008,0.602262,0.0159161,0.311113,0.519239,0.739299,0.0544818,0.70043
0,6,1,0.76809,0.747506,0.316533,0.692275,0.789914,0.786042,-0.0169046,0.376949,0.890821,0.886304,0.0331311,0.494627,0.561901,0.579122,0.54157,0.524438,0.505819,0.146376,0.937734,0.210663
0,6,2,0.277263,0.521236,0.834669,0.2475,0.13466,0.591994,0.132297,0.714076,1.01732,0.487486,0.751214,0.614476,0.0756421,0.519689,0.0585791,0.126599,0.769591,0.864629,0.291714,0.476748
