iter0
iter100
iter200
iter300
0.000000,6.000000,1.000000,0.471001,0.539804,0.600009,0.437141,0.638777,0.467997,0.434229,0.433698,0.500512,0.338761,0.705373,0.606389,0.436114,0.663802,0.315882,0.577600,0.528325,0.316325,0.369257,0.535905
iter0
0.000000,6.000000,1.000000,0.719804,0.689021,0.377520,0.583965,0.724823,0.748375,0.034157,0.386571,0.858529,0.792906,0.191285,0.488447,0.458412,0.606150,0.441355,0.491084,0.517625,0.211872,0.817256,0.269283
iter100
0.000000,6.000000,1.000000,0.803991,0.729418,0.313766,0.678163,0.751572,0.767156,0.004039,0.376046,0.900888,0.872436,0.080414,0.493656,0.530170,0.581691,0.501083,0.548800,0.522418,0.147421,0.917025,0.224967
iter200
0.000000,6.000000,1.000000,0.802868,0.733404,0.309153,0.690700,0.746092,0.765804,0.001625,0.378272,0.900434,0.871033,0.075223,0.494571,0.538641,0.569011,0.504950,0.554913,0.536337,0.148680,0.914693,0.228858
iter300
0.000000,6.000000,1.000000,0.803432,0.729060,0.303295,0.688053,0.737304,0.773678,-0.010486,0.370656,0.900594,0.861326,0.085237,0.482421,0.531187,0.565089,0.495309,0.551723,0.537339,0.161226,0.898335,0.241765
iter400
0.000000,6.000000,1.000000,0.814574,0.721546,0.286505,0.687905,0.725136,0.791726,-0.032089,0.353956,0.914976,0.855861,0.092099,0.460329,0.519687,0.559730,0.476834,0.547043,0.537914,0.179526,0.878024,0.255446
iter500
0.000000,6.000000,1.000000,0.830716,0.723383,0.249688,0.691325,0.706125,0.825407,-0.061430,0.323078,0.939092,0.857112,0.089434,0.433406,0.505508,0.543231,0.446344,0.537721,0.551888,0.205833,0.856867,0.273591
iter600
0.000000,6.000000,1.000000,0.801277,0.745315,0.308878,0.689622,0.765878,0.781017,0.000127,0.366166,0.890088,0.888465,0.071245,0.501024,0.546333,0.573969,0.518698,0.553245,0.517110,0.149584,0.933427,0.213520
iter700
0.000000,6.000000,1.000000,0.815553,0.733478,0.282786,0.689075,0.745028,0.798215,-0.020745,0.345422,0.911086,0.874945,0.077042,0.472597,0.529951,0.561245,0.488374,0.549355,0.527892,0.165281,0.902863,0.237079
iter800
0.000000,6.000000,1.000000,0.737717,0.769929,0.416785,0.682224,0.841880,0.712396,0.091792,0.444992,0.815096,0.926004,0.061825,0.600706,0.600100,0.619422,0.624069,0.568133,0.471723,0.078767,1.035062,0.125497
iter900
0.000000,6.000000,1.000000,0.817544,0.731562,0.270496,0.688551,0.733827,0.806196,-0.027241,0.332791,0.917965,0.869325,0.079156,0.462939,0.525014,0.555682,0.471198,0.547181,0.534747,0.174684,0.892132,0.250424
iter1000
0.000000,6.000000,1.000000,0.839493,0.718653,0.227170,0.688678,0.699960,0.832877,-0.059235,0.296973,0.944362,0.846363,0.090524,0.421527,0.502602,0.536402,0.423228,0.542405,0.554439,0.205490,0.841664,0.292043
iter1100
0.000000,6.000000,1.000000,0.739708,0.768105,0.414782,0.680781,0.838323,0.713637,0.086340,0.447568,0.820993,0.933654,0.058105,0.593292,0.593282,0.621774,0.621602,0.563592,0.468145,0.076844,1.038752,0.118079
iter1200
0.000000,6.000000,1.000000,0.806325,0.728005,0.288837,0.681673,0.746409,0.790438,-0.007058,0.344579,0.895961,0.866294,0.090725,0.472772,0.531000,0.566315,0.486724,0.550980,0.524764,0.156844,0.890572,0.238640
iter1300
0.000000,6.000000,1.000000,0.761263,0.759175,0.370078,0.679052,0.798212,0.747935,0.044162,0.411274,0.856996,0.919580,0.062250,0.550084,0.564829,0.599742,0.570652,0.550371,0.490827,0.116694,0.995756,0.157301
iter1400
0.000000,6.000000,1.000000,0.766556,0.750441,0.358468,0.677677,0.789794,0.751988,0.041249,0.400083,0.856257,0.907216,0.072496,0.536457,0.559009,0.594549,0.558413,0.550813,0.496418,0.119403,0.971352,0.171442
iter1500
0.000000,6.000000,1.000000,0.831852,0.718521,0.229046,0.680471,0.678378,0.832805,-0.057657,0.287560,0.939516,0.838819,0.104588,0.417169,0.494202,0.529904,0.401062,0.535717,0.565197,0.217092,0.819977,0.306002
iter1600
0.000000,6.000000,1.000000,0.775241,0.740925,0.339752,0.676337,0.771257,0.764974,0.026572,0.382831,0.867343,0.891377,0.082952,0.515052,0.545470,0.583029,0.535844,0.546577,0.509638,0.135035,0.937285,0.193809
iter1700
0.000000,6.000000,1.000000,0.788861,0.744811,0.315210,0.676617,0.732471,0.787889,-0.010741,0.365262,0.906243,0.895676,0.073895,0.494013,0.525114,0.565361,0.493406,0.530409,0.529919,0.174721,0.926591,0.213835
iter1800
0.000000,6.000000,1.000000,0.803588,0.737142,0.291657,0.678966,0.718151,0.799980,-0.023539,0.344256,0.915997,0.882300,0.080726,0.474683,0.518724,0.556113,0.468000,0.532740,0.540182,0.182997,0.899402,0.237933
iter1900
0.000000,6.000000,1.000000,0.796742,0.738978,0.302384,0.679014,0.726486,0.793422,-0.014140,0.351277,0.905174,0.885407,0.081003,0.484809,0.524326,0.559584,0.480478,0.534864,0.536227,0.175379,0.908251,0.229107
iter2000
0.000000,6.000000,1.000000,0.780891,0.750039,0.347325,0.682225,0.779349,0.764068,0.017446,0.399771,0.887600,0.919813,0.055997,0.528677,0.549945,0.588782,0.549081,0.541064,0.502713,0.131614,0.979254,0.168398
iter2100
0.000000,6.000000,1.000000,0.754588,0.758337,0.385312,0.678519,0.805168,0.736649,0.055622,0.420315,0.844087,0.923689,0.062059,0.563113,0.570934,0.603116,0.583204,0.550564,0.489847,0.107979,1.006468,0.147994
iter2200
0.000000,6.000000,1.000000,0.794679,0.733506,0.320537,0.680922,0.772806,0.772625,0.014566,0.370316,0.882213,0.888385,0.078123,0.505280,0.546099,0.583672,0.523916,0.552906,0.508227,0.130842,0.935373,0.205937
iter2300
0.000000,6.000000,1.000000,0.793048,0.738193,0.320183,0.681554,0.763413,0.777150,0.009054,0.369422,0.886255,0.893768,0.074836,0.505945,0.543642,0.578108,0.518109,0.547915,0.514129,0.140879,0.937988,0.205693
iter2400
0.000000,6.000000,1.000000,0.788300,0.742322,0.316781,0.680192,0.741506,0.785151,-0.000342,0.362908,0.890876,0.890883,0.080434,0.499741,0.535019,0.565743,0.500083,0.540059,0.529038,0.163794,0.922597,0.216161
iter2500
0.000000,6.000000,1.000000,0.804453,0.728399,0.300260,0.680912,0.752619,0.786767,0.002119,0.348398,0.889163,0.875305,0.087387,0.488950,0.537973,0.571589,0.495426,0.552353,0.521317,0.147304,0.907756,0.231639
iter2600
0.000000,6.000000,1.000000,0.780009,0.744897,0.349403,0.682915,0.794933,0.756115,0.034125,0.396049,0.866110,0.909361,0.065808,0.534455,0.562081,0.595566,0.557863,0.555076,0.494887,0.113591,0.977001,0.174434
iter2700
0.000000,6.000000,1.000000,0.772973,0.749948,0.357218,0.683179,0.794752,0.753301,0.038120,0.400765,0.860542,0.913410,0.064581,0.541329,0.564889,0.594942,0.562445,0.553921,0.496220,0.115594,0.983307,0.169284
iter2800
0.000000,6.000000,1.000000,0.801087,0.734238,0.297902,0.681917,0.738093,0.794815,-0.007394,0.346572,0.896360,0.879054,0.086488,0.485060,0.531840,0.562279,0.486719,0.545301,0.531285,0.164807,0.903169,0.233466
iter2900
0.000000,6.000000,1.000000,0.772843,0.750488,0.341119,0.681646,0.761773,0.769884,0.020964,0.381597,0.869408,0.900285,0.076944,0.522181,0.549717,0.575524,0.529362,0.545335,0.518563,0.148818,0.948067,0.195190
iter3000
0.000000,6.000000,1.000000,0.789174,0.741069,0.326007,0.683832,0.770353,0.773912,0.016922,0.372397,0.876527,0.895472,0.075165,0.513423,0.550960,0.580220,0.526706,0.552546,0.511556,0.136121,0.944817,0.201854
iter3100
0.000000,6.000000,1.000000,0.792066,0.739714,0.316653,0.684008,0.757475,0.781591,0.008704,0.363282,0.882778,0.889438,0.079283,0.504115,0.544891,0.572445,0.512272,0.550015,0.520327,0.148151,0.929668,0.213474
iter3200
0.000000,6.000000,1.000000,0.779810,0.747790,0.351332,0.683775,0.795869,0.756382,0.030028,0.402622,0.872618,0.914903,0.060933,0.535709,0.562172,0.596664,0.561466,0.552902,0.493534,0.115049,0.983763,0.168117
iter3300
0.000000,6.000000,1.000000,0.794039,0.742737,0.312208,0.683280,0.746571,0.788797,-0.005986,0.365439,0.899130,0.894410,0.074138,0.497800,0.536974,0.567791,0.504471,0.541532,0.525725,0.161150,0.927712,0.212528
iter3400
0.000000,6.000000,1.000000,0.779430,0.746840,0.349716,0.683784,0.793457,0.757564,0.031216,0.399068,0.869417,0.911728,0.063750,0.534824,0.562311,0.594742,0.558541,0.553869,0.495578,0.117082,0.979607,0.172581
iter3500
0.000000,6.000000,1.000000,0.776698,0.749598,0.342100,0.683591,0.773896,0.767252,0.021971,0.388507,0.872876,0.906002,0.069810,0.525402,0.554669,0.582566,0.540921,0.548275,0.509721,0.137558,0.961091,0.186009
iter3600
0.000000,6.000000,1.000000,0.783457,0.747726,0.340039,0.683975,0.781002,0.766691,0.018045,0.392704,0.881052,0.910655,0.063265,0.524771,0.554902,0.587880,0.545598,0.548573,0.503227,0.129840,0.969347,0.179825
iter3700
0.000000,6.000000,1.000000,0.799392,0.739620,0.298048,0.684809,0.736087,0.798100,-0.012997,0.350741,0.903150,0.884631,0.080648,0.485239,0.532247,0.560073,0.488854,0.542926,0.533837,0.170590,0.907679,0.228412
iter3800
0.000000,6.000000,1.000000,0.779081,0.747585,0.349557,0.684614,0.794090,0.757884,0.031582,0.398747,0.868121,0.911571,0.063745,0.535032,0.563662,0.594545,0.559419,0.554653,0.495657,0.116985,0.979773,0.172570
iter3900
0.000000,6.000000,1.000000,0.786978,0.741610,0.340861,0.683871,0.794263,0.760686,0.027482,0.393162,0.873796,0.905940,0.066505,0.527350,0.560569,0.595757,0.553058,0.556525,0.493996,0.114959,0.971955,0.179537
iter4000
0.000000,6.000000,1.000000,0.794437,0.740904,0.311863,0.685566,0.754808,0.785931,0.001460,0.363796,0.891717,0.891077,0.075699,0.499504,0.542899,0.570872,0.510135,0.548318,0.521549,0.153052,0.929041,0.213201
iter4100
0.000000,6.000000,1.000000,0.788448,0.741789,0.335895,0.684732,0.788352,0.765266,0.023381,0.387982,0.876156,0.904066,0.067267,0.523116,0.558386,0.591765,0.546898,0.555528,0.498270,0.120852,0.966243,0.184657
iter4200
0.000000,6.000000,1.000000,0.794173,0.739187,0.325387,0.684319,0.779153,0.772339,0.013550,0.380435,0.885673,0.899687,0.068765,0.513127,0.551991,0.586953,0.534266,0.553256,0.503475,0.129111,0.954630,0.193966
iter4300
0.000000,6.000000,1.000000,0.781895,0.749457,0.323891,0.684698,0.751520,0.783231,0.003765,0.372953,0.887163,0.897571,0.074994,0.506819,0.543545,0.568958,0.516750,0.542926,0.524865,0.160588,0.934640,0.204445
iter4400
0.000000,6.000000,1.000000,0.803033,0.734311,0.305315,0.685262,0.761684,0.785902,0.000731,0.360553,0.895169,0.887242,0.076027,0.495291,0.542964,0.575884,0.509659,0.552541,0.515455,0.144537,0.928325,0.216319
iter4500
0.000000,6.000000,1.000000,0.799352,0.734451,0.317413,0.684364,0.777057,0.775470,0.011570,0.372570,0.887320,0.892513,0.073124,0.506551,0.550006,0.585774,0.526596,0.555829,0.504625,0.129907,0.944916,0.203231
iter4600
0.000000,6.000000,1.000000,0.782953,0.750053,0.320760,0.684153,0.746565,0.786801,-0.002097,0.371685,0.892424,0.897598,0.074809,0.502881,0.540103,0.566773,0.512256,0.540136,0.527589,0.166141,0.930450,0.206389
iter4700
0.000000,6.000000,1.000000,0.798100,0.738782,0.305651,0.686556,0.754406,0.788779,-0.000851,0.358743,0.893569,0.887326,0.077242,0.494454,0.542051,0.570485,0.506279,0.550294,0.521891,0.153551,0.923532,0.218293
iter4800
0.000000,6.000000,1.000000,0.770286,0.754459,0.351218,0.684946,0.782169,0.762285,0.027349,0.398078,0.867497,0.911227,0.066513,0.532814,0.560832,0.586991,0.554562,0.549269,0.504866,0.132984,0.971996,0.175395
iter4900
0.000000,6.000000,1.000000,0.774031,0.752018,0.352648,0.685267,0.791262,0.758745,0.030272,0.401634,0.867087,0.913691,0.063329,0.535936,0.564063,0.592532,0.561401,0.551922,0.498092,0.122779,0.980468,0.170202
iter5000
0.000000,6.000000,1.000000,0.789254,0.744308,0.316829,0.686370,0.758263,0.783451,0.005115,0.368098,0.886858,0.893109,0.075169,0.503107,0.546073,0.572547,0.516997,0.548840,0.520121,0.152322,0.933341,0.208553
iter5100
0.000000,6.000000,1.000000,0.788546,0.745258,0.319050,0.686690,0.760279,0.782155,0.005741,0.370820,0.886772,0.895238,0.073228,0.505320,0.547316,0.573622,0.520139,0.548630,0.518829,0.150616,0.937357,0.205397
iter5200
0.000000,6.000000,1.000000,0.790754,0.743445,0.324309,0.685786,0.772116,0.776113,0.009999,0.378857,0.885908,0.900016,0.068625,0.511295,0.550961,0.581756,0.531054,0.550583,0.509318,0.138158,0.951015,0.195968
iter5300
0.000000,6.000000,1.000000,0.796971,0.740148,0.310146,0.687119,0.760598,0.785300,0.001682,0.364743,0.892189,0.891089,0.073491,0.498988,0.545464,0.574070,0.514163,0.550976,0.517738,0.148208,0.932401,0.211536
iter5400
0.000000,6.000000,1.000000,0.794339,0.741683,0.314718,0.687389,0.764257,0.782424,0.005185,0.368611,0.888948,0.893548,0.072116,0.503248,0.548163,0.575986,0.519749,0.551538,0.515611,0.145267,0.937901,0.206994
iter5500
0.000000,6.000000,1.000000,0.467883,0.539419,0.598294,0.437719,0.638335,0.470027,0.432153,0.432443,0.498154,0.340536,0.704767,0.606141,0.438953,0.665792,0.316528,0.585242,0.526571,0.317429,0.370384,0.535609
iter0
0.000000,6.000000,1.000000,0.719169,0.705110,0.358044,0.607074,0.734305,0.750626,0.020663,0.390857,0.846772,0.800542,0.169321,0.488856,0.474737,0.604040,0.443891,0.511371,0.513364,0.210609,0.831258,0.280893
iter100
0.000000,6.000000,1.000000,0.805187,0.727895,0.303256,0.686900,0.752685,0.771594,-0.004987,0.372534,0.901106,0.870869,0.070525,0.490530,0.530016,0.581169,0.499405,0.556364,0.517201,0.148910,0.920041,0.225496
iter200
0.000000,6.000000,1.000000,0.805447,0.730582,0.299493,0.700376,0.745220,0.771902,-0.006792,0.373515,0.905261,0.873455,0.060651,0.492865,0.537799,0.568166,0.503748,0.559744,0.531795,0.151761,0.921255,0.222440
iter300
0.000000,6.000000,1.000000,0.807132,0.726210,0.294404,0.698657,0.739876,0.776266,-0.012397,0.368548,0.903921,0.868007,0.066835,0.485220,0.532149,0.566259,0.497218,0.557244,0.531412,0.159579,0.909768,0.230421
iter400
0.000000,6.000000,1.000000,0.822923,0.714849,0.275351,0.692287,0.722643,0.793195,-0.035950,0.352710,0.923449,0.860352,0.076843,0.458706,0.511923,0.559506,0.470338,0.549697,0.531660,0.179374,0.884097,0.251227
iter500
0.000000,6.000000,1.000000,0.844666,0.711812,0.242693,0.688862,0.705588,0.822589,-0.065588,0.324117,0.946804,0.859173,0.085079,0.427702,0.492406,0.548550,0.440977,0.539490,0.536186,0.201409,0.860261,0.273232
iter600
0.000000,6.000000,1.000000,0.844762,0.716942,0.235888,0.689958,0.710247,0.830488,-0.066046,0.316593,0.950059,0.866491,0.079069,0.429540,0.496006,0.543672,0.442082,0.539826,0.540617,0.198211,0.865414,0.271763
iter700
0.000000,6.000000,1.000000,0.834608,0.719583,0.248776,0.683529,0.713618,0.824473,-0.056904,0.324436,0.947658,0.871850,0.080464,0.440281,0.498792,0.548194,0.448038,0.533894,0.538109,0.194486,0.874571,0.261878
iter800
0.000000,6.000000,1.000000,0.837585,0.718074,0.249571,0.684337,0.713133,0.821212,-0.057866,0.326460,0.951360,0.872065,0.075658,0.441731,0.500966,0.549950,0.448965,0.534393,0.537946,0.188747,0.878653,0.257998
iter900
0.000000,6.000000,1.000000,0.846143,0.710989,0.237872,0.683104,0.703106,0.829036,-0.068970,0.317864,0.967222,0.867986,0.075903,0.431627,0.490793,0.545682,0.432832,0.527793,0.542582,0.197598,0.868459,0.268476
iter1000
0.000000,6.000000,1.000000,0.846837,0.709704,0.244849,0.690187,0.726204,0.814744,-0.044873,0.318499,0.944313,0.862025,0.076144,0.445218,0.509081,0.554005,0.450907,0.544367,0.533455,0.172994,0.879556,0.266030
iter1100
0.000000,6.000000,1.000000,0.845226,0.706508,0.247529,0.686860,0.717990,0.812166,-0.049411,0.324257,0.952147,0.862856,0.074104,0.445295,0.503119,0.554214,0.443912,0.540172,0.536398,0.176233,0.878402,0.264287
iter1200
0.000000,6.000000,1.000000,0.818339,0.723883,0.289471,0.688583,0.751076,0.784883,-0.011744,0.354227,0.911872,0.878489,0.071197,0.482051,0.530517,0.572572,0.491506,0.553439,0.518792,0.147360,0.917313,0.227444
iter1300
0.000000,6.000000,1.000000,0.805281,0.737927,0.317668,0.697074,0.783585,0.767354,0.017301,0.374970,0.884178,0.893559,0.061744,0.513480,0.560149,0.585296,0.534330,0.567723,0.505170,0.116623,0.958507,0.196404
iter1400
0.000000,6.000000,1.000000,0.784444,0.744787,0.343513,0.690769,0.793974,0.746990,0.042985,0.388971,0.851224,0.889727,0.076137,0.524014,0.564502,0.596934,0.555515,0.575123,0.493549,0.110419,0.956752,0.183431
iter1500
0.000000,6.000000,1.000000,0.781383,0.709010,0.305716,0.661715,0.697265,0.781486,-0.005676,0.359230,0.929083,0.839841,0.111156,0.478319,0.491821,0.551250,0.439786,0.520919,0.555079,0.210205,0.857244,0.263584
iter1600
0.000000,6.000000,1.000000,0.789496,0.748928,0.335191,0.694049,0.785663,0.759624,0.027223,0.382496,0.864977,0.895889,0.068630,0.514976,0.559345,0.589135,0.549107,0.569639,0.498633,0.122220,0.955176,0.185661
iter1700
0.000000,6.000000,1.000000,0.791756,0.742233,0.327937,0.696299,0.785647,0.757453,0.031295,0.374747,0.857862,0.884059,0.077140,0.510448,0.561199,0.589037,0.542721,0.576593,0.499844,0.118939,0.943706,0.196332
iter1800
0.000000,6.000000,1.000000,0.801090,0.735831,0.312357,0.692947,0.771998,0.770966,0.011450,0.366017,0.880438,0.884754,0.074002,0.498161,0.548855,0.582925,0.520442,0.566082,0.505846,0.132590,0.934315,0.209060
iter1900
0.000000,6.000000,1.000000,0.791901,0.743638,0.329122,0.689825,0.776567,0.769236,0.015326,0.378562,0.879418,0.898253,0.068293,0.512616,0.550635,0.585481,0.535297,0.557379,0.503398,0.131316,0.952934,0.191721
iter2000
0.000000,6.000000,1.000000,0.795184,0.740688,0.318697,0.694301,0.776911,0.766704,0.019491,0.367849,0.868552,0.884650,0.077571,0.501200,0.553983,0.584510,0.529384,0.569556,0.502638,0.130140,0.935824,0.204313
iter2100
0.000000,6.000000,1.000000,0.791404,0.714708,0.303418,0.658993,0.698742,0.793686,-0.017479,0.356394,0.936240,0.856581,0.106051,0.477124,0.485153,0.554784,0.446598,0.510693,0.548924,0.209458,0.870384,0.250457
iter2200
0.000000,6.000000,1.000000,0.785249,0.717117,0.315639,0.658056,0.709216,0.786010,-0.005369,0.363787,0.924445,0.860660,0.108399,0.487579,0.491671,0.561783,0.460057,0.513838,0.541577,0.199755,0.882208,0.240888
iter2300
0.000000,6.000000,1.000000,0.794072,0.738997,0.326290,0.686047,0.774101,0.771210,0.012756,0.377038,0.885668,0.898150,0.069932,0.512075,0.546168,0.586336,0.528345,0.552406,0.503063,0.133238,0.951911,0.195277
iter2400
0.000000,6.000000,1.000000,0.781489,0.732639,0.328926,0.671034,0.741196,0.777282,0.007289,0.374761,0.901805,0.880968,0.088973,0.505612,0.520136,0.571601,0.499056,0.530186,0.526195,0.169717,0.918624,0.213552
iter2500
0.000000,6.000000,1.000000,0.791437,0.730020,0.317636,0.672361,0.737984,0.783956,-0.002467,0.368329,0.912183,0.883004,0.084790,0.497627,0.515812,0.570321,0.492175,0.529399,0.526108,0.170644,0.917455,0.217758
iter2600
0.000000,6.000000,1.000000,0.786630,0.736663,0.324316,0.677055,0.746822,0.779139,0.002681,0.374233,0.903037,0.886796,0.078896,0.503834,0.525953,0.570690,0.504634,0.534374,0.523906,0.164597,0.925541,0.209914
iter2700
0.000000,6.000000,1.000000,0.790078,0.738876,0.326528,0.681539,0.762699,0.776572,0.008527,0.375618,0.894157,0.895718,0.073803,0.510420,0.536881,0.579315,0.519658,0.542214,0.512768,0.146657,0.943883,0.199333
iter2800
0.000000,6.000000,1.000000,0.792712,0.739605,0.324424,0.684042,0.765884,0.776000,0.007349,0.375617,0.893446,0.897719,0.070229,0.509303,0.540070,0.580492,0.522208,0.545453,0.509724,0.143024,0.946623,0.197969
iter2900
0.000000,6.000000,1.000000,0.794354,0.738139,0.324181,0.685011,0.769014,0.774069,0.008946,0.375810,0.891458,0.897629,0.070207,0.509661,0.542554,0.583302,0.523540,0.548493,0.506220,0.138572,0.948589,0.197612
iter3000
0.000000,6.000000,1.000000,0.469888,0.538752,0.598691,0.436341,0.636342,0.466906,0.433327,0.430870,0.497296,0.341060,0.706825,0.605142,0.437976,0.663312,0.316820,0.580318,0.528071,0.312862,0.374027,0.537097
iter0
0.000000,6.000000,1.000000,0.737226,0.703674,0.354226,0.602181,0.727192,0.747457,0.013456,0.384792,0.860203,0.819636,0.167677,0.490607,0.471913,0.605578,0.440407,0.502445,0.500986,0.201479,0.874271,0.268108
iter100
0.000000,6.000000,1.000000,0.798830,0.738409,0.315992,0.687446,0.761701,0.765856,0.002476,0.370228,0.889697,0.879263,0.075071,0.497423,0.540160,0.577613,0.510310,0.556774,0.515500,0.146322,0.927126,0.213728
iter200
0.000000,6.000000,1.000000,0.793654,0.739814,0.319267,0.698227,0.752640,0.762180,0.002117,0.377923,0.897387,0.879607,0.064981,0.502894,0.547696,0.562894,0.513995,0.560638,0.534129,0.149317,0.926630,0.211581
iter300
0.000000,6.000000,1.000000,0.790839,0.740794,0.321137,0.697926,0.751921,0.762992,0.000566,0.379471,0.896037,0.881123,0.064791,0.504226,0.547998,0.561691,0.515752,0.560182,0.535985,0.150404,0.925920,0.211269
iter400
0.000000,6.000000,1.000000,0.791877,0.739802,0.321003,0.696354,0.753779,0.764334,-0.001480,0.379135,0.893952,0.881346,0.065391,0.504186,0.547490,0.563839,0.516290,0.559931,0.533052,0.149251,0.924862,0.213266
iter500
0.000000,6.000000,1.000000,0.794789,0.736038,0.320329,0.691722,0.756267,0.766016,-0.002803,0.378456,0.890970,0.878425,0.070149,0.502408,0.544834,0.569180,0.514893,0.558234,0.525873,0.148562,0.921442,0.218216
iter600
0.000000,6.000000,1.000000,0.802664,0.727523,0.314045,0.683302,0.757582,0.772305,-0.006063,0.373966,0.890665,0.870350,0.081018,0.492513,0.536357,0.574756,0.507586,0.553531,0.516227,0.154148,0.914608,0.227608
iter700
0.000000,6.000000,1.000000,0.807866,0.721970,0.305493,0.683696,0.758430,0.779052,-0.007310,0.363884,0.896971,0.869529,0.081013,0.485431,0.535568,0.575306,0.506125,0.555373,0.516516,0.154640,0.913490,0.230636
iter800
0.000000,6.000000,1.000000,0.781637,0.741010,0.332769,0.689482,0.781021,0.767602,0.019801,0.377096,0.874310,0.885951,0.077422,0.516984,0.556556,0.579157,0.541568,0.562478,0.515296,0.139327,0.941605,0.202450
iter900
0.000000,6.000000,1.000000,0.791961,0.744815,0.317472,0.689970,0.769439,0.782679,-0.000199,0.371439,0.892380,0.896453,0.068405,0.504299,0.549014,0.573374,0.528656,0.552307,0.517349,0.147093,0.942119,0.200725
iter1000
0.000000,6.000000,1.000000,0.797080,0.744434,0.309988,0.689580,0.762449,0.788691,-0.008253,0.367330,0.899772,0.897269,0.066923,0.497291,0.543973,0.570530,0.519931,0.548215,0.519267,0.152753,0.937596,0.204125
iter1100
0.000000,6.000000,1.000000,0.468136,0.538673,0.599848,0.437677,0.639859,0.468705,0.433166,0.433414,0.496469,0.335262,0.708315,0.607288,0.439371,0.667814,0.316045,0.584947,0.526646,0.316072,0.374100,0.537848
iter0
0.000000,6.000000,1.000000,0.699722,0.678494,0.392858,0.572501,0.707214,0.725259,0.055901,0.397713,0.821127,0.749508,0.242415,0.490511,0.452429,0.616791,0.414082,0.500811,0.510955,0.247240,0.810738,0.305253
iter100
0.000000,6.000000,1.000000,0.810459,0.714193,0.317411,0.675498,0.745472,0.763546,-0.009128,0.390882,0.929970,0.869831,0.059313,0.494561,0.522579,0.581577,0.490025,0.546076,0.517869,0.155339,0.931625,0.224964
iter200
0.000000,6.000000,1.000000,0.799595,0.730301,0.319443,0.690897,0.748188,0.766777,-0.000998,0.382637,0.919363,0.877313,0.056636,0.496958,0.536401,0.567786,0.503910,0.554457,0.531943,0.158243,0.924726,0.216447
iter300
0.000000,6.000000,1.000000,0.794637,0.735266,0.321598,0.694672,0.749708,0.768734,0.000430,0.380175,0.915215,0.880597,0.055469,0.497829,0.539611,0.564537,0.508551,0.555534,0.535239,0.159751,0.923903,0.212674
iter400
0.000000,6.000000,1.000000,0.791907,0.736916,0.324167,0.694958,0.752571,0.769593,0.002279,0.379019,0.910369,0.882190,0.056385,0.499592,0.540600,0.565662,0.512100,0.555836,0.533356,0.158958,0.924297,0.210202
iter500
0.000000,6.000000,1.000000,0.788934,0.736164,0.329757,0.693020,0.759709,0.766845,0.008889,0.380134,0.900747,0.882088,0.059661,0.505135,0.542472,0.571545,0.518168,0.557456,0.526053,0.153230,0.927176,0.207199
iter600
0.000000,6.000000,1.000000,0.785320,0.725946,0.345201,0.681909,0.772351,0.752937,0.026688,0.390873,0.883725,0.875541,0.072127,0.519344,0.543017,0.589445,0.525514,0.558811,0.505454,0.139760,0.933452,0.204627
iter700
0.000000,6.000000,1.000000,0.802926,0.702823,0.346409,0.667293,0.773616,0.741030,0.027980,0.401071,0.889405,0.862329,0.082502,0.516459,0.536850,0.605358,0.513778,0.559393,0.484132,0.130014,0.935464,0.217979
iter800
0.000000,6.000000,1.000000,0.812342,0.715527,0.320018,0.679673,0.762760,0.765591,0.002472,0.382706,0.907602,0.874503,0.072605,0.498798,0.536984,0.585103,0.506319,0.554429,0.500420,0.141884,0.932652,0.223353
iter900
0.000000,6.000000,1.000000,0.802215,0.731914,0.319845,0.689083,0.775744,0.772822,0.007676,0.376161,0.891133,0.888546,0.070316,0.506930,0.551279,0.580188,0.524787,0.558867,0.503974,0.133894,0.945431,0.211047
iter1000
0.000000,6.000000,1.000000,0.798488,0.736234,0.319563,0.690774,0.771149,0.777159,0.001253,0.379308,0.898170,0.894955,0.064229,0.508272,0.553206,0.574401,0.525564,0.556291,0.511003,0.137473,0.948270,0.204931
iter1100
0.000000,6.000000,1.000000,0.783853,0.744989,0.339847,0.689913,0.789002,0.763547,0.020007,0.394382,0.876747,0.904528,0.062600,0.526460,0.567116,0.584692,0.550779,0.561179,0.501949,0.121033,0.970290,0.181231
iter1200
0.000000,6.000000,1.000000,0.468080,0.542113,0.599794,0.435642,0.637936,0.468754,0.434660,0.434512,0.499615,0.339343,0.708854,0.607350,0.437212,0.664538,0.315879,0.582996,0.526260,0.315971,0.374016,0.535371
iter0
0.000000,6.000000,1.000000,0.678331,0.671988,0.404053,0.559244,0.669565,0.723153,0.036889,0.420398,0.839217,0.746477,0.263410,0.498904,0.430021,0.587168,0.386490,0.479038,0.532852,0.256288,0.774111,0.306016
iter100
0.000000,6.000000,1.000000,0.799053,0.713086,0.321152,0.679925,0.745426,0.758650,0.001419,0.388737,0.910128,0.868023,0.080670,0.500537,0.526476,0.574448,0.489090,0.547562,0.525143,0.150982,0.925135,0.226616
iter200
0.000000,6.000000,1.000000,0.801971,0.713557,0.321582,0.690361,0.742820,0.758399,0.005900,0.391007,0.916210,0.871652,0.074234,0.500886,0.531621,0.569063,0.494883,0.551809,0.531999,0.153904,0.925362,0.223671
iter300
0.000000,6.000000,1.000000,0.806222,0.709095,0.318189,0.690682,0.743963,0.760761,0.004090,0.387380,0.916357,0.866603,0.077985,0.495653,0.529926,0.569739,0.491083,0.553942,0.529755,0.155536,0.917419,0.229482
iter400
0.000000,6.000000,1.000000,0.466853,0.539584,0.602014,0.435029,0.639704,0.468078,0.435298,0.430790,0.502697,0.335982,0.707684,0.608844,0.436865,0.665436,0.316097,0.586653,0.528781,0.313161,0.373097,0.536783
iter0
0.000000,6.000000,1.000000,0.799993,0.721427,0.303443,0.690666,0.742194,0.766322,0.002557,0.364373,0.899581,0.857205,0.082769,0.485608,0.536515,0.560346,0.499493,0.561533,0.536030,0.160037,0.905192,0.242584
iter100
0.000000,6.000000,1.000000,0.467697,0.539701,0.599419,0.436710,0.636243,0.470107,0.435209,0.433725,0.497470,0.335680,0.708165,0.607505,0.438286,0.665375,0.317453,0.582598,0.528633,0.314198,0.372819,0.535070
iter0
0.000000,6.000000,1.000000,0.796419,0.732911,0.316201,0.695805,0.750516,0.764411,0.000467,0.380733,0.913024,0.882160,0.065955,0.505176,0.541568,0.558023,0.506788,0.555621,0.535650,0.152041,0.928240,0.214995
iter100
0.000000,6.000000,1.000000,0.846015,0.714067,0.225650,0.689056,0.686270,0.845709,-0.086780,0.304764,0.973165,0.864407,0.080415,0.417273,0.487996,0.529786,0.413465,0.524302,0.554562,0.222819,0.847266,0.281518
iter200
0.000000,6.000000,1.000000,0.820406,0.727402,0.276990,0.676173,0.702589,0.822591,-0.070062,0.350769,0.973081,0.893031,0.063253,0.457308,0.490673,0.551646,0.449398,0.509751,0.538804,0.210922,0.894634,0.238194
iter300
0.000000,6.000000,1.000000,0.846330,0.712911,0.237643,0.681641,0.663990,0.842275,-0.113192,0.336577,1.021467,0.884922,0.056064,0.424083,0.471730,0.528347,0.407563,0.500572,0.563499,0.237697,0.856989,0.265412
iter400
0.000000,6.000000,1.000000,0.774208,0.745969,0.343703,0.675967,0.749340,0.775133,-0.008178,0.399621,0.918071,0.907935,0.069327,0.515713,0.526614,0.571085,0.518363,0.524920,0.521045,0.169089,0.943962,0.191040
iter500
0.000000,6.000000,1.000000,0.838996,0.721130,0.246960,0.678723,0.701459,0.822116,-0.062399,0.321059,0.951941,0.865982,0.077867,0.437208,0.498446,0.548754,0.430220,0.533635,0.541113,0.199787,0.865248,0.266065
iter600
0.000000,6.000000,1.000000,0.823317,0.726439,0.273184,0.678861,0.727013,0.804893,-0.034804,0.337083,0.925680,0.873684,0.080015,0.462309,0.514665,0.561978,0.461771,0.541669,0.528281,0.177838,0.889759,0.246004
iter700
0.000000,6.000000,1.000000,0.832414,0.720316,0.255546,0.676657,0.708359,0.814149,-0.048239,0.321921,0.935457,0.859029,0.086009,0.444191,0.502744,0.553572,0.435961,0.539743,0.538512,0.194251,0.864602,0.267398
iter800
0.000000,6.000000,1.000000,0.467546,0.541758,0.599961,0.436765,0.637047,0.469187,0.432800,0.433905,0.500302,0.337761,0.709703,0.607148,0.441283,0.665926,0.315319,0.583647,0.528686,0.316323,0.373038,0.534956
iter0
0.000000,6.000000,1.000000,1.781106,-0.654636,2.362345,2.733906,0.041250,1.553083,1.936041,1.326031,2.434219,2.342073,2.721026,-0.844128,-0.106163,2.605816,1.235215,-0.188219,1.758806,2.739021,-2.487947,3.035249
iter100
0.000000,6.000000,1.000000,1.994868,-0.952435,2.659774,2.341415,-0.214955,1.673251,1.768887,1.375974,2.457234,2.080543,2.607250,-0.816518,0.001557,2.396018,1.253890,-0.878023,1.670009,2.995274,-2.701302,3.139586
iter200
0.000000,6.000000,1.000000,-1.051303,1.937401,-1.456700,-1.482742,1.385998,-0.949440,-1.008564,-0.583273,-1.414799,-1.571596,-1.241758,2.111089,0.890314,-1.181152,-0.899688,2.083471,-0.490447,-2.339340,3.305991,-2.044648
iter300
0.000000,6.000000,1.000000,-1.272491,2.123707,-1.546212,-1.979317,1.748538,-0.940940,-1.458286,-0.553051,-1.463787,-1.820261,-1.521184,2.273748,1.070218,-1.042271,-0.811175,2.156020,-0.288293,-2.901878,3.665815,-2.378288
iter400
0.000000,6.000000,1.000000,1.988697,-1.045817,2.141919,2.222971,-0.154652,1.771577,1.609212,1.272394,2.640160,2.250209,2.545567,-1.027360,-0.219534,2.533953,1.448496,-1.361102,0.972734,3.195401,-2.634104,3.118136
iter500
0.000000,6.000000,1.000000,3.091258,-1.460612,2.792052,2.639806,-0.512633,2.199639,2.225908,1.750199,2.796339,2.410070,2.565957,-1.353993,-0.602926,2.533806,1.867908,-0.843695,3.147987,2.837366,-2.373054,3.366937
iter600
0.000000,6.000000,1.000000,-2.534686,3.005366,-1.768939,-2.059568,1.911878,-1.507161,-2.015888,-1.263141,-1.309579,-2.395098,-1.849587,2.340676,1.819961,-1.257835,-0.965662,3.854373,-2.331778,-1.484037,3.109879,3.237056
iter700
0.000000,6.000000,1.000000,-2.546693,3.109668,-1.646473,-2.247971,2.072690,-1.302165,-2.334553,-0.979459,-1.041604,-2.115254,-2.010712,2.203018,1.547183,-0.934148,-0.827147,3.589803,-2.296916,-1.479157,3.304914,2.802251
iter800
0.000000,6.000000,1.000000,0.466883,0.540099,0.599295,0.437397,0.636997,0.470455,0.434566,0.433514,0.503456,0.337824,0.706753,0.609143,0.437563,0.665806,0.316456,0.580399,0.526832,0.315330,0.370447,0.536292
iter0
0.000000,6.000000,1.000000,-0.030033,1.492362,1.348622,-0.531114,2.501837,1.437651,-0.679511,1.646361,-0.432678,1.165004,-1.227248,1.829546,1.773519,1.489068,1.202062,2.553556,-0.785474,2.844679,1.696316,-0.453615
iter100
0.000000,6.000000,1.000000,1.982423,-1.516036,-0.477483,1.558110,-0.817183,-0.908664,1.566919,-0.673501,2.236963,-1.301082,3.188613,-0.563171,-1.361753,-0.263128,-0.768427,-1.576529,1.622232,-3.407544,-0.678935,1.641292
iter200
0.000000,6.000000,1.000000,-1.224652,1.421169,1.501528,-1.009979,2.457576,2.211863,0.488581,1.947889,-1.321473,2.481032,-0.617705,2.182025,1.783543,2.322529,2.227582,1.625775,-1.508976,-0.212400,3.305957,-1.193654
iter300
0.000000,6.000000,1.000000,1.362813,-1.347640,-0.016658,0.726707,-1.553932,-0.012362,2.016494,-0.086943,3.132071,-0.136062,3.269834,0.605025,-0.292475,0.294687,-0.280826,-1.389315,1.002079,-1.852330,0.284676,0.870884
iter400
0.000000,6.000000,1.000000,-1.524496,1.938685,0.124458,0.986447,1.533303,-1.470228,-0.616234,-0.185657,-0.585864,-0.209860,-0.629753,0.179051,-0.370574,0.078870,-0.455204,1.374338,1.158567,1.922845,-0.581983,1.112818
iter500
0.000000,6.000000,1.000000,1.877986,-1.902126,0.375635,0.489836,-1.724954,1.012480,2.314822,0.187346,3.848031,-0.236390,3.341515,0.525541,0.104482,0.652213,-0.268690,-1.714981,0.479302,-1.977271,0.165479,1.009843
iter600
0.000000,6.000000,1.000000,1.552408,-1.054892,0.567019,0.590191,-1.088741,1.843074,1.920762,-0.137512,3.262857,-0.287686,2.355156,0.433277,0.210996,0.462007,-0.336135,-1.023908,0.546545,-1.799518,-0.184600,0.882466
iter700
0.000000,6.000000,1.000000,1.390312,0.218025,1.177808,-0.012825,1.111559,1.232980,0.989732,-0.145849,1.646029,-0.213957,1.673176,0.226102,-0.258417,0.231681,-0.314758,0.909225,1.051874,-0.310893,-0.491201,1.035496
iter800
0.000000,6.000000,1.000000,2.645137,-0.795531,2.102848,-0.755915,0.269815,1.992974,1.996284,0.880614,2.497486,0.988503,2.602988,0.744535,0.249626,1.000803,0.568195,-0.118325,0.132489,-1.323594,0.840398,-0.065903
iter900
0.000000,6.000000,1.000000,0.467229,0.540433,0.598716,0.436077,0.638482,0.468296,0.430867,0.433865,0.501652,0.336553,0.705604,0.609770,0.437702,0.665678,0.313426,0.583128,0.527056,0.316174,0.372567,0.537497
iter0
0.000000,6.000000,1.000000,0.751947,0.722292,0.378071,0.691277,0.828929,0.689406,0.103023,0.401196,0.789519,0.842637,0.104956,0.564175,0.601755,0.614263,0.571994,0.615719,0.473797,0.063664,0.953171,0.200029
iter100
0.000000,6.000000,1.000000,0.830859,0.683102,0.297384,0.681255,0.758443,0.778222,0.010771,0.373976,0.892953,0.884612,0.044874,0.500878,0.552372,0.575365,0.520056,0.537407,0.498439,0.154788,0.913486,0.224783
iter200
0.000000,6.000000,1.000000,0.787731,0.781363,0.327898,0.731698,0.802477,0.809126,0.029401,0.349144,0.841922,0.891772,0.072650,0.496839,0.596077,0.560709,0.587164,0.585674,0.529268,0.134158,0.955152,0.176886
iter300
0.000000,6.000000,1.000000,0.775922,0.720247,0.390000,0.608895,0.754004,0.755838,0.050972,0.412629,0.844265,0.879726,0.157458,0.520659,0.488634,0.630158,0.495953,0.497574,0.449992,0.175648,0.895086,0.185557
iter400
0.000000,6.000000,1.000000,0.766181,0.786523,0.350437,0.693541,0.855076,0.766612,0.047700,0.387167,0.838024,0.931179,0.074407,0.538215,0.603419,0.609993,0.605429,0.564382,0.472748,0.070059,1.014354,0.147018
iter500
0.000000,6.000000,1.000000,0.840498,0.674016,0.299094,0.694586,0.793871,0.732181,0.039571,0.398048,0.920602,0.827482,0.048844,0.528727,0.573111,0.589947,0.514264,0.603257,0.517853,0.074723,0.951003,0.238643
iter600
0.000000,6.000000,1.000000,0.753256,0.763571,0.345990,0.742687,0.803830,0.730098,0.062675,0.376532,0.839845,0.867250,0.049138,0.535277,0.615558,0.544215,0.558438,0.599846,0.561273,0.089704,0.958469,0.197692
iter700
0.000000,6.000000,1.000000,0.842434,0.722983,0.288800,0.713352,0.778938,0.764430,0.000787,0.391620,0.922389,0.865933,0.020284,0.503073,0.555695,0.570243,0.522028,0.562836,0.529200,0.100830,0.971484,0.224640
iter800
0.000000,6.000000,1.000000,0.788118,0.710331,0.338295,0.629397,0.730460,0.783262,-0.008671,0.394467,0.909477,0.891047,0.122170,0.508332,0.493157,0.621030,0.492241,0.491561,0.461817,0.190186,0.926575,0.193459
iter900
0.000000,6.000000,1.000000,0.750818,0.772126,0.376258,0.663271,0.799041,0.762382,0.038779,0.382112,0.842381,0.912801,0.099798,0.549025,0.571492,0.601010,0.578263,0.538326,0.494583,0.147456,0.988318,0.162849
iter1000
0.000000,6.000000,1.000000,0.768041,0.737152,0.353056,0.645725,0.747219,0.801692,-0.007772,0.354730,0.866226,0.913206,0.114079,0.486440,0.529871,0.607818,0.519025,0.522432,0.476661,0.176383,0.929679,0.179357
iter1100
0.000000,6.000000,1.000000,0.787239,0.716921,0.318220,0.669899,0.744425,0.765013,0.011203,0.383474,0.920966,0.871576,0.105449,0.497962,0.546867,0.571141,0.485010,0.558582,0.527168,0.158048,0.893484,0.235468
iter1200
